7.143048865030104944e-02
7.043154843502245910e-02
6.750390656669384704e-02
6.290043751615073675e-02
5.700459565018553554e-02
5.028401602412900517e-02
4.323813458431571138e-02
3.634882943425805923e-02
3.004133036836414972e-02
2.465945075904172473e-02
2.045549260929113364e-02
1.759193754321133202e-02
1.615002328492082598e-02
1.613988913410748308e-02
1.750809050751368778e-02
2.014049173169971466e-02
2.386116954491659947e-02
2.843025204961822580e-02
3.354493882973845487e-02
3.884790748031994451e-02
4.394586659651467109e-02
4.843849480107539907e-02
5.195505012130713363e-02
5.419334528553066549e-02
5.495431249177249594e-02
