1.463313079507338587e-03
2.214480611381922093e-03
3.256887062668499706e-03
4.655127315491076195e-03
6.466378911868012579e-03
8.729619897124406974e-03
1.145354099958084161e-02
1.460504118483321734e-02
1.810075430094679888e-02
2.180418084160323094e-02
2.553051697328295039e-02
2.906014250965553367e-02
3.216009753263542048e-02
3.461107593712645092e-02
3.623594107697659245e-02
3.692496357722039463e-02
3.665318481353233016e-02
3.548655498263550423e-02
3.357552700752022140e-02
3.113712617232609545e-02
2.842859423690924370e-02
2.571704314473005626e-02
2.324988669685274303e-02
2.123017130325039956e-02
1.979957191801213004e-02
1.903017134547813766e-02
1.892461835838945075e-02
1.942316486458119801e-02
2.041553875799748466e-02
2.175556766122568181e-02
2.327676428211725851e-02
2.480751603507943756e-02
2.618492568059293396e-02
2.726663915500988564e-02
2.794016639940085506e-02
2.812930291477541700e-02
2.779736513997695460e-02
2.694711645316424237e-02
2.561749975601131449e-02
2.387758297778472608e-02
2.181841153443543971e-02
1.954368342669551839e-02
1.716026628031237095e-02
1.476953574160424533e-02
1.246033814784104458e-02
1.030410299985495652e-02
