0 1 2 3 4 5 6 7 8 9 10 11 12 13 14 15 16 17 18 19 20 21 22 23 24 25 26 27 28 29 30 31 32 33 34 35 36 37 38 39 40 41 42 43 44 45 
1 1 1 1 1 1 1 1 1 1 1 1 1 1 1 1 1 1 1 1 1 1 1 1 1 1 1 1 1 1 1 1 1 1 1 1 1 1 1 1 1 1 1 1 1 1 
45 44 43 42 41 40 39 38 37 36 35 34 33 32 31 30 29 28 27 26 25 24 23 22 21 20 19 18 17 16 15 14 13 12 11 10 9 8 7 6 5 4 3 2 1 0 
3 3 3 3 3 3 3 3 3 3 3 3 3 3 3 3 3 3 3 3 3 3 3 3 3 3 3 3 3 3 3 3 3 3 3 3 3 3 3 3 3 3 3 3 3 3 
0 1 3 6 9 12 15 16 18 21 24 27 30 33 35 36 39 42 45 
3 3 3 3 3 3 3 3 3 3 3 3 3 3 3 3 3 3 3 
45 42 39 36 35 33 30 27 24 21 18 16 15 12 9 6 3 1 0 
1 1 1 1 1 1 1 1 1 1 1 1 1 1 1 1 1 1 1 
1 5 10 15 16 20 25 30 35 36 40 44 
2 3 3 2 2 3 3 2 2 2 3 3 
44 40 36 35 30 25 20 16 15 10 5 1 
1 1 2 2 2 1 1 2 2 1 1 2 
0 9 15 16 18 27 35 36 45 
2 2 1 1 2 2 1 1 2 
45 36 35 27 18 16 15 9 0 
2 3 3 2 2 3 3 2 2 
