0 0.974895 2.94602 5.55196 36.8321 341.271
1 0.974895 2.94602 5.55196 36.8321 341.271
2 0.976653 2.94486 -nan 38.0539 341.143
3 0.967991 2.95207 5.55908 37.3675 340.95
4 0.974243 2.93487 5.54954 39.1724 341.041
5 0.981664 2.94628 5.54838 38.7393 341.26
7 0.980007 2.95832 5.54549 36.4774 341.319
6 0.967376 2.96057 5.55062 35.6191 341.134
8 0.974173 2.97327 5.5542 35.8154 341.104
9 0.972739 2.96165 5.5449 37.054 341.107
10 0.972799 2.95119 5.55483 37.7 340.951
11 0.97488 2.95713 5.54673 37.2263 341.135
12 0.97583 2.94156 5.54893 38.0693 341.267
14 0.975122 2.96456 5.54741 36.4821 341.201
13 0.972834 2.94235 5.55344 37.1702 341.051
15 0.984041 2.9147 5.55381 40.2297 341.235
