0 0.97866 3.37709 5.53359 23.4763 415.024
1 0.97866 3.37709 5.53359 23.4763 415.024
2 0.985104 3.37901 5.53329 24.3033 415.004
3 0.977558 3.39174 5.53204 23.0164 414.876
4 0.981154 3.38814 5.53492 24.3321 414.857
6 0.972448 3.3806 5.53491 23.7383 414.816
5 0.970805 3.35287 5.53431 25.3683 414.84
7 0.984395 3.38032 5.5298 24.1298 415.036
8 0.980643 3.40801 5.53527 24.361 414.911
9 0.976577 3.38599 5.53491 23.9926 414.702
10 0.977354 3.37456 5.53355 25.1099 414.91
11 0.977431 3.36428 5.53445 25.0834 414.875
12 0.984793 3.38438 5.52858 24.9527 414.901
13 0.9821 3.38046 5.52829 24.2655 414.922
14 0.98005 3.39047 5.53355 24.1121 414.836
15 0.987905 3.37739 5.53318 24.0548 414.967
