0 0.958918 3.40579 5.31376 33.5085 477.291
1 0.958918 3.40579 5.31376 33.5085 477.291
2 0.968748 3.42736 5.31125 32.914 477.451
3 0.966396 3.46899 5.31429 29.8043 477.235
4 0.963425 3.42813 5.31338 32.304 477.325
5 0.965948 3.42309 5.31181 32.3494 477.267
6 0.954056 3.41197 5.31391 32.5453 477.281
7 0.962087 3.43746 5.31088 30.9941 477.558
8 0.957247 3.43343 5.31214 32.3246 477.381
9 0.956392 3.43175 5.31407 32.0164 477.259
10 0.957415 3.4214 5.31491 32.6248 477.11
12 0.969118 3.43841 5.31372 31.9574 477.199
11 0.96406 3.41607 5.30982 33.3719 477.452
13 0.961825 3.41776 5.31117 32.4614 477.345
14 0.964914 3.44051 5.31476 31.1434 477.196
15 0.963683 3.40864 5.3124 33.8484 477.314
