0 0.892422 2.78564 5.36285 68.0305 342
1 0.892422 2.78564 5.36285 68.0305 342
2 0.894615 2.78977 5.35819 68.8066 341.831
3 0.89395 2.79526 5.35931 68.0613 341.714
4 0.896801 2.78159 5.35836 69.6435 341.884
5 0.893736 2.7809 5.36398 69.356 341.654
6 0.884904 2.79708 5.36198 67.9554 341.899
7 0.899847 2.79996 5.35904 68.2763 341.984
8 0.892049 2.79942 5.36505 68.3264 341.564
9 0.888914 2.77473 5.35926 69.8709 341.972
10 0.889868 2.79116 5.35677 68.6041 341.571
12 0.891425 2.79365 5.36157 69.4661 341.956
11 0.897109 2.77731 5.36159 70.0757 341.888
13 0.898076 2.79251 5.36419 69.0385 341.839
14 0.891274 2.8008 5.36559 68.5045 341.853
15 0.904492 2.77688 5.35967 70.658 341.877
