0 0.955349 3.00846 5.17869 41.0082 351.502
1 0.955349 3.00846 5.17869 41.0082 351.502
2 0.956079 3.01101 5.1744 41.33 351.695
3 0.95456 3.02598 5.17321 39.9608 351.487
4 0.952198 3.01273 5.17106 42.1058 351.611
5 0.962131 3.01728 5.16986 40.7836 351.727
6 0.950023 3.04147 5.17115 39.5954 351.611
7 0.958596 2.99678 5.16922 42.3003 351.916
8 0.946684 3.00484 5.17623 41.9666 351.843
9 0.949432 3.02193 5.17835 40.0896 351.807
10 0.950821 3.00022 5.17507 42.376 351.932
11 0.957641 3.01138 -nan 41.4059 351.811
12 0.951608 3.00353 -nan 42.6156 351.666
13 0.957688 3.00994 5.17025 41.9996 351.918
14 0.948618 3.03077 5.17016 40.1813 351.707
15 0.958041 2.96214 5.17299 44.336 351.521
