0 0.941483 3.343 5.42392 41.087 525.862
2 0.940916 3.35613 5.42463 40.5129 525.868
3 0.936605 3.36496 5.42278 40.6303 525.672
1 0.941483 3.343 5.42392 41.087 525.862
4 0.945143 3.35522 5.42165 41.0808 526.121
5 0.942252 3.35465 5.4247 40.6851 525.986
7 0.941606 3.36121 5.42381 39.7965 526.171
6 0.936333 3.36223 5.42554 39.9664 526.016
8 0.935257 3.35446 5.42584 40.8215 525.957
10 0.938976 3.37964 5.42679 40.0423 525.593
9 0.933637 3.38334 5.42319 38.6024 525.677
11 0.937089 3.3406 5.42111 41.5374 526.29
13 0.93859 3.36843 5.4249 40.3927 525.786
12 0.940584 3.34109 5.42592 41.3987 525.843
14 0.941063 3.36698 5.4246 40.2489 525.637
15 0.945385 3.34755 5.42224 41.4416 525.982
