1 0.977945 3.21472 5.44531 30.081 367.152
0 0.977945 3.21472 5.44531 30.081 367.152
2 0.980923 3.20369 5.44687 30.6296 367.019
3 0.966786 3.18788 5.44718 31.3744 367.049
4 0.974199 3.19864 5.445 30.8553 367.263
6 0.966939 3.21368 5.44985 30.2242 366.916
5 0.979189 3.18891 5.44512 30.8865 367.216
7 0.97837 3.19875 5.44384 30.9827 367.247
8 0.964444 3.20733 5.44989 29.6463 366.991
9 0.969604 3.22892 5.45032 29.4423 366.843
10 0.968909 3.20348 5.45035 31.4123 366.714
11 0.975523 3.19765 5.44672 30.7769 367.064
12 0.972363 3.19737 5.44658 31.2328 367.162
13 0.969616 3.19336 5.44793 31.4107 367.111
14 0.97179 3.20944 5.44895 29.881 366.918
15 0.978166 3.18558 5.44852 32.1133 366.909
