0 0.987242 3.84818 5.40629 13.9522 510.707
1 0.987242 3.84818 5.40629 13.9522 510.707
3 0.982079 3.82868 5.4123 15.1355 510.477
2 0.989573 3.83974 5.40974 14.2414 510.777
4 0.985924 3.82546 5.40634 15.1407 510.737
5 0.989478 3.81219 5.41021 15.6356 510.563
6 0.976646 3.82856 5.40908 14.6316 510.668
7 0.983607 3.81988 5.40934 15.3103 510.813
8 0.982461 3.83621 5.40948 14.3266 510.739
9 0.980111 3.8208 5.412 15.4396 510.508
10 0.977919 3.81364 5.41052 15.4265 510.466
12 0.984845 3.81332 5.40829 15.9769 510.87
11 0.990093 3.8286 5.40511 15.0286 510.857
13 0.986221 3.8264 5.40492 15.3282 510.645
14 0.983484 3.83379 5.4106 14.6265 510.708
15 0.990049 3.8133 5.40757 15.1371 510.795
