0 0.916644 2.97327 5.39974 56.4542 422.182
1 0.916644 2.97327 5.39974 56.4542 422.182
2 0.920205 3.01871 5.40468 53.5653 421.644
3 0.917922 3.01467 5.40034 54.5725 421.964
4 0.920821 3.01599 5.40605 53.8756 421.851
5 0.917216 2.98722 5.40138 56.2384 421.846
6 0.910548 3.00196 5.40286 53.6638 421.937
8 0.913451 3.02575 5.40411 53.4342 422.017
7 0.922112 3.01799 5.40261 54.9258 421.808
9 0.91199 2.99069 5.40405 55.6243 421.758
10 0.916664 3.01589 5.406 54.0667 421.642
11 0.919214 2.99723 5.40222 54.1033 422.04
12 0.919736 3.00665 5.40395 54.6126 421.608
13 0.918139 3.02367 5.40099 52.6869 421.794
14 0.915926 3.01134 5.40254 54.643 421.986
15 0.924748 2.99703 5.39969 54.0533 422.124
