0 0.982148 3.93816 5.33322 10.7025 542.996
1 0.982148 3.93816 5.33322 10.7025 542.996
2 0.989779 3.93248 -nan 10.8338 544.204
3 0.983129 3.94876 5.3286 10.617 543.077
4 0.985625 3.93706 -nan 10.7211 543.391
5 0.986951 3.92885 5.32202 10.7409 543.962
6 0.976979 3.92313 5.32541 10.7964 544.006
7 0.984875 3.93413 5.32884 10.8247 543.819
8 0.978858 3.93526 5.32952 10.786 543.821
10 0.981461 3.93365 5.32885 10.7302 543.424
9 0.977679 3.93588 5.33101 10.6574 543.337
11 0.99224 3.93861 5.32456 10.9305 544.064
12 0.98385 3.94261 5.33227 10.7638 543.459
13 0.986543 3.94689 5.3316 10.6697 543.421
14 0.986093 3.94394 5.32639 10.7138 543.53
15 0.992594 3.93446 5.32489 10.8234 543.599
