0 0.825308 3.70331 5.21747 76.9656 676.219
1 0.825308 3.70331 5.21747 76.9656 676.219
3 0.826104 3.71944 5.22711 77.7016 674.715
2 0.834861 3.72208 5.2203 76.0248 675.264
4 0.826537 3.71811 5.22403 78.1736 675.1
7 0.832912 3.71603 5.22483 77.5748 675.256
5 0.835202 3.72667 5.22208 76.7775 675.101
6 0.824627 3.74426 5.22949 75.0071 674.136
8 0.824553 3.72143 5.22499 76.3443 675.406
10 0.822905 3.70882 5.22498 76.8649 675.167
11 0.826315 3.70881 5.22512 77.8369 675.409
9 0.821323 3.73132 5.22878 76.0624 674.284
12 0.834749 3.73332 5.21986 75.7486 675.575
13 0.830663 3.73052 5.22466 75.9455 674.855
14 0.827012 3.73457 5.22783 75.516 674.653
15 0.838948 3.72311 -nan 77.3704 675.026
