0 0.941535 3.1294 5.35676 44.0149 421.37
1 0.941535 3.1294 5.35676 44.0149 421.37
2 0.951775 3.17353 5.36143 41.9908 420.983
3 0.943892 3.16068 5.35508 41.1684 421.448
4 0.944638 3.18357 5.35913 41.0451 421.29
5 0.945221 3.14336 5.35909 43.3959 421.188
6 0.937352 3.16542 5.35796 42.1443 421.414
8 0.938697 3.16537 5.36234 41.7231 420.961
7 0.944663 3.18323 5.35927 40.8711 421.264
9 0.940842 3.20721 5.36497 39.9735 420.44
10 0.942595 3.20221 5.36245 39.0449 420.853
11 0.948175 3.18949 5.36083 40.5501 421.218
12 0.945547 3.17424 5.35522 41.0215 421.445
13 0.945457 3.16575 5.35611 40.8322 421.477
14 0.941987 3.19715 5.35979 40.1094 421.276
15 0.952437 3.15516 5.35858 42.6353 421.319
