0 0.861429 2.55814 5.42057 88.1298 345.154
2 0.862152 2.5706 5.41497 87.6413 345.534
3 0.863928 2.60827 5.42047 83.1129 345.097
1 0.861429 2.55814 5.42057 88.1298 345.154
4 0.85959 2.58293 5.41584 86.9949 345.467
5 0.863313 2.5985 5.41958 86.4329 345.242
6 0.857462 2.59218 5.4163 82.8304 345.478
7 0.869085 2.56799 5.41374 87.2372 345.547
8 0.861572 2.61365 5.41647 83.3269 345.376
10 0.854375 2.5679 5.41576 87.5111 345.315
9 0.851743 2.57442 5.41947 85.717 345.119
11 0.861543 2.57822 5.41828 87.1218 345.259
12 0.861316 2.57661 5.41532 86.6639 345.389
13 0.861459 2.57699 5.41509 86.8212 345.347
14 0.862745 2.57795 5.41302 85.9696 345.585
15 0.863758 2.55436 5.41576 88.3119 345.409
