0 0.981379 3.46921 5.45067 23.5914 468.165
1 0.981379 3.46921 5.45067 23.5914 468.165
2 0.986287 3.47653 5.44243 22.234 468.561
3 0.982078 3.50137 5.44612 20.621 468.535
4 0.980969 3.50041 -nan 21.2338 468.289
5 0.983135 3.51495 5.44714 20.3521 468.132
6 0.975689 3.49543 5.44699 21.2522 468.09
7 0.982668 3.50348 5.44842 20.1678 468.556
9 0.971813 3.49847 -nan 20.5536 468.369
8 0.976378 3.52422 5.44641 20.0147 468.425
10 0.976917 3.511 5.44766 20.5006 468.099
11 0.982184 3.48856 5.44561 21.2328 468.82
12 0.982624 3.50351 5.44321 20.6164 468.269
13 0.984255 3.50967 -nan 19.9742 468.398
14 0.984998 3.49845 5.4447 21.0442 468.464
15 0.98506 3.48043 5.44122 22.0973 468.417
