0 0.828442 3.38224 5.35633 81.247 575.589
1 0.828442 3.38224 5.35633 81.247 575.589
2 0.827023 3.39323 5.35564 83.2398 575.876
3 0.82233 3.39155 5.34954 81.7586 576.206
4 0.827346 3.39804 5.35503 81.5342 576.023
5 0.831022 3.38632 5.35775 83.2138 575.596
6 0.825562 3.40166 5.35647 80.0682 575.606
7 0.833268 3.37482 5.3543 83.0636 576.073
8 0.819832 3.38224 5.35676 82.462 575.755
9 0.820017 3.38225 5.35592 81.9311 575.462
10 0.825598 3.41043 5.35955 80.5213 574.902
11 0.82775 3.38616 5.34709 81.6716 576.197
12 0.824575 3.3844 5.35551 81.2836 575.531
13 0.821895 3.39859 5.35659 82.344 575.558
14 0.826859 3.39018 5.3574 81.8521 575.816
15 0.835775 3.37906 5.35059 81.5867 576.146
