0 0.97312 3.53071 5.15567 26.3981 435.09
1 0.97312 3.53071 5.15567 26.3981 435.09
2 0.975981 3.53803 5.15692 25.9428 435.056
3 0.968394 3.54681 5.15681 24.928 434.849
4 0.973404 3.4934 5.15556 27.0564 435.337
6 0.966362 3.54637 5.15623 24.8653 434.853
5 0.972864 3.53006 5.15711 25.064 434.984
7 0.976668 3.53224 5.15035 25.9107 435.403
8 0.964485 3.54359 5.16071 25.5128 434.899
9 0.964304 3.51167 5.16078 26.4425 434.85
10 0.971338 3.51476 5.15831 26.2773 435.119
11 0.972809 3.52518 5.1518 26.3447 435.517
12 0.974976 3.52947 5.15738 25.4351 435.054
13 0.970351 3.51073 5.15465 27.8761 435.328
14 0.97299 3.53602 5.156 26.5506 435.199
15 0.975324 3.48962 5.1499 27.3034 435.322
