0 0.724021 2.74636 5.15726 144.61 470.964
1 0.724021 2.74636 5.15726 144.61 470.964
2 0.725057 2.7361 5.15547 147.243 471.111
4 0.721579 2.7493 5.15918 145.776 470.85
3 0.718892 2.7383 5.15878 146.033 470.908
5 0.72275 2.74399 5.15787 146.816 470.866
6 0.719366 2.74848 5.15614 144.226 471.056
7 0.720617 2.74086 5.15795 147.739 470.887
8 0.722063 2.74501 5.16024 144.814 470.639
9 0.716847 2.72632 5.15882 146.011 471.073
10 0.720874 2.74731 5.15672 145.8 471.087
11 0.720065 2.733 5.15384 147.163 471.25
12 0.72125 2.74212 5.15626 146.658 471.076
13 0.719741 2.72694 5.15636 148.575 471.143
14 0.720382 2.76214 5.1581 144.668 470.92
15 0.725229 2.72724 5.155 146.954 471.089
