0 0.932527 3.37207 5.20042 45.4937 477.126
1 0.932527 3.37207 5.20042 45.4937 477.126
2 0.935793 3.3779 5.19522 45.3645 477.197
4 0.929269 3.37606 5.20044 46.272 476.866
3 0.924938 3.3845 5.2021 45.9238 476.25
5 0.933979 3.37704 5.20461 46.6005 476.216
6 0.920491 3.3968 5.20431 44.8758 476.508
7 0.934703 3.38146 5.19937 46.3685 477.38
8 0.923509 3.39916 5.20016 43.8687 476.648
9 0.925863 3.39287 5.20692 44.2177 476.073
10 0.926299 3.3927 5.21071 44.4574 475.544
11 0.9328 3.37952 5.20334 46.9511 476.898
12 0.93022 3.36467 5.19604 45.9003 477.395
13 0.925307 3.38039 5.2029 45.2269 476.041
14 0.930491 3.3932 5.20094 43.6413 476.691
15 0.938203 3.36743 5.20026 45.6989 476.906
