0 0.756154 2.35149 5.49549 200.65 464.139
1 0.756154 2.35149 5.49549 200.65 464.139
2 0.752194 2.35775 5.49871 202.96 463.549
3 0.753708 2.37149 5.49599 198.373 464.091
4 0.753193 2.36324 5.49486 201.471 464.102
5 0.755686 2.38494 5.49888 201.227 463.59
6 0.749625 2.36845 5.50053 200.252 463.45
7 0.753433 2.35877 5.499 203.342 463.599
8 0.751899 2.36209 5.49921 200.862 463.632
9 0.747202 2.366 5.50302 200.508 463.262
10 0.753526 2.3843 5.50144 198.022 463.463
11 0.758172 2.36827 5.49862 200.689 463.759
12 0.753317 2.36278 5.4961 199.704 464.116
13 0.755538 2.36297 5.49582 201.34 464.104
14 0.752631 2.37099 5.50053 200.646 463.877
15 0.756608 2.3485 5.49999 203.944 463.571
