0 0.832382 2.34864 5.07123 97.8795 255.332
1 0.832382 2.34864 5.07123 97.8795 255.332
2 0.831057 2.34928 5.07472 99.3281 255.325
3 0.826962 2.34913 5.07647 99.6025 255.025
4 0.828066 2.35476 5.07479 100.093 254.958
5 0.831053 2.34026 5.07144 99.306 255.29
6 0.823068 2.35664 5.0734 96.2961 255.354
7 0.835359 2.3756 5.07218 96.9186 255.221
8 0.825503 2.35675 5.07316 99.3277 255.015
9 0.82786 2.3521 5.07202 97.7421 255.324
10 0.829132 2.33131 5.07461 99.3886 255.117
11 0.831851 2.33445 5.07039 100.185 255.369
12 0.82908 2.33899 5.07862 98.7879 255.252
13 0.831727 2.35685 5.07289 98.1163 255.203
14 0.829157 2.36237 5.07879 98.7785 254.995
15 0.829748 2.35132 5.07589 101.513 255.002
