0 0.925874 3.25148 5.40466 46.4914 503.245
1 0.925874 3.25148 5.40466 46.4914 503.245
2 0.932903 3.22388 5.40303 47.7517 503.346
4 0.933207 3.24043 5.4023 48.5684 503.474
3 0.926155 3.25644 5.40899 45.2197 503.036
5 0.931913 3.23152 5.40317 48.3233 503.486
6 0.926209 3.26794 5.40488 45.6374 503.194
7 0.929997 3.23237 5.40546 47.7906 503.322
8 0.927063 3.26431 5.40416 46.9591 503.04
10 0.926443 3.26864 5.40166 45.6033 503.519
9 0.926129 3.25714 5.40536 45.9039 503.162
11 0.930306 3.25264 5.40238 47.4362 503.27
12 0.928791 3.26495 5.40621 46.2855 503.097
13 0.931531 3.24648 5.40387 47.8357 503.244
14 0.929351 3.24681 5.40348 46.4592 503.143
15 0.939738 3.24147 5.40138 47.2713 503.638
