0 0.91996 2.84241 5.45772 52.5491 319.433
1 0.91996 2.84241 5.45772 52.5491 319.433
2 0.923685 2.85611 5.45593 53.2276 319.531
3 0.911093 2.85326 5.45895 51.8214 319.508
4 0.924047 2.85558 5.45696 53.1759 319.569
5 0.920425 2.8347 5.46277 53.2283 319.466
6 0.917262 2.86907 5.46076 50.6609 319.592
7 0.927203 2.86364 5.45996 52.2024 319.63
8 0.918633 2.88306 5.45802 51.7649 319.616
9 0.919828 2.85957 5.46159 51.6775 319.316
10 0.91737 2.86174 5.45756 51.4965 319.405
11 0.92228 2.86213 5.4587 51.8913 319.62
12 0.923009 2.86323 5.45882 50.7057 319.625
13 0.921102 2.86093 5.4579 51.3228 319.694
14 0.925625 2.85831 5.46065 51.4404 319.514
15 0.92598 2.83628 5.46302 54.5745 319.381
