0 0.954998 3.31049 5.24585 40.2089 493.587
1 0.954998 3.31049 5.24585 40.2089 493.587
2 0.963116 3.31584 5.2451 37.6669 493.658
4 0.958305 3.28999 5.24207 41.6012 494.111
3 0.951855 3.32357 5.23947 38.0253 493.889
6 0.949706 3.29546 5.24328 38.6673 494.135
7 0.957445 3.29303 5.24821 40.3828 493.604
5 0.953808 3.25973 5.23885 41.8966 494.752
8 0.948693 3.29306 5.24009 39.9533 493.952
9 0.949456 3.30985 5.24192 38.3852 494.281
10 0.95268 3.29825 5.24494 39.7731 493.696
11 0.960551 3.29547 5.2442 39.7163 493.734
13 0.958484 3.31006 5.24127 38.8819 493.987
12 0.953847 3.28429 5.24151 40.9944 493.534
15 0.963031 3.26858 5.23664 42.3138 494.274
14 0.95351 3.30675 5.24839 40.0414 493.496
