0 0.900311 2.86471 5.0309 63.9561 321.012
1 0.900311 2.86471 5.0309 63.9561 321.012
2 0.898936 2.86003 5.03259 65.7381 321.189
3 0.890227 2.86353 5.03227 65.2743 321.043
4 0.891165 2.87484 5.03233 64.5907 321.19
5 0.896566 2.84009 5.02596 66.3433 321.215
6 0.888561 2.87411 5.0294 64.3873 321.022
7 0.899862 2.84616 5.03063 65.2788 321.334
9 0.892232 2.86687 5.03629 64.0892 320.851
8 0.889723 2.88336 5.02772 63.0197 321.25
10 0.893029 2.87717 5.0375 62.3525 320.807
11 0.896557 2.88064 5.03962 63.0247 320.557
12 0.894753 2.86163 5.02987 64.2332 321.323
13 0.899957 2.84354 5.03199 65.5014 321.277
14 0.898887 2.86467 5.03569 64.2581 320.767
15 0.90011 2.84195 5.03314 66.7301 320.948
