0 0.985587 3.72852 5.6757 16.0511 611.107
2 0.988711 3.72416 5.67464 15.8867 611.235
1 0.985587 3.72852 5.6757 16.0511 611.107
3 0.987385 3.73698 5.67447 16.8779 611.139
4 0.988839 3.72445 5.67354 17.2185 611.128
5 0.98796 3.72194 5.67332 16.8529 611.008
6 0.983416 3.74896 5.67171 15.6528 611.086
7 0.988618 3.71334 5.67405 16.9256 611.274
8 0.98165 3.74745 5.67538 15.3755 611.143
9 0.981171 3.7228 5.67662 16.2145 611.106
11 0.987442 3.74684 5.67248 15.4097 611.145
10 0.979255 3.72969 5.67549 16.0156 611.104
12 0.985408 3.72422 5.67384 16.2194 611.484
13 0.9885 3.72587 5.67429 15.8262 611.462
14 0.986942 3.72772 5.67261 16.3366 611.295
15 0.987494 3.70829 5.67103 17.1664 610.825
