0 0.96704 3.58748 5.38989 26.4703 524.413
1 0.96704 3.58748 5.38989 26.4703 524.413
3 0.955649 3.57239 5.39116 26.9223 524.328
2 0.964199 3.57984 5.38826 26.0157 524.414
4 0.959842 3.58258 5.39216 26.6977 524.311
5 0.963959 3.5858 5.39222 26.341 524.309
6 0.955204 3.57764 5.39369 27.2091 524.173
8 0.962163 3.59795 5.38982 25.3342 524.478
7 0.963009 3.5995 5.39255 25.6577 524.108
9 0.953636 3.57612 5.39098 25.8002 524.103
10 0.965671 3.58573 5.38988 25.7034 524.556
11 0.967256 3.58683 5.39345 26.9225 524.221
12 0.961929 3.57995 5.39114 26.6807 524.322
13 0.966455 3.59309 5.38691 26.591 524.548
14 0.96852 3.60293 5.39061 25.0202 524.321
15 0.965789 3.59504 5.39388 26.0573 524.046
