0 0.799389 2.41999 5.46383 110.755 338.979
1 0.799389 2.41999 5.46383 110.755 338.979
2 0.797474 2.4303 5.46114 108.641 339.058
3 0.797424 2.43571 5.4632 108.98 338.868
4 0.800483 2.40864 5.46143 110.32 339.12
5 0.805679 2.42713 5.46424 109.013 339.235
6 0.795051 2.43115 5.46619 109.102 338.813
7 0.807524 2.41153 5.46 110.641 339.203
8 0.803873 2.4473 5.46665 106.607 339.043
9 0.794699 2.41397 5.46323 110.316 339.042
10 0.793887 2.42186 5.46271 109.738 339.033
11 0.802596 2.41545 5.46057 110.061 339.178
12 0.801288 2.41008 5.46552 113.054 338.805
14 0.801707 2.41895 5.46305 110.124 339.006
13 0.80123 2.41481 5.46044 109.972 339.221
15 0.806692 2.39166 5.46452 113.822 338.847
