0 0.69438 2.11274 5.50476 159.032 320.41
1 0.69438 2.11274 5.50476 159.032 320.41
2 0.701753 2.12709 5.49781 156.798 320.439
3 0.69691 2.11398 5.49844 155.987 320.345
4 0.704582 2.14522 5.50297 155.541 320.621
5 0.703328 2.13093 5.50413 155.969 320.431
6 0.697056 2.13862 5.50464 153.353 320.319
7 0.700245 2.12187 5.50583 157.235 320.184
8 0.699569 2.15498 5.50418 152.57 320.346
9 0.695947 2.13314 5.50553 154.581 320.229
10 0.69353 2.13145 5.50669 156.49 320.045
11 0.6968 2.12605 5.50146 157.321 320.151
12 0.702349 2.13107 5.50428 156.19 320.318
13 0.698913 2.1376 5.50547 156.115 320.291
14 0.700815 2.14071 5.50707 154.456 320.119
15 0.70698 2.13608 5.50164 155.904 320.357
