0 0.959723 3.62061 5.17215 27.2985 484.795
1 0.959723 3.62061 5.17215 27.2985 484.795
3 0.960926 3.62774 5.1744 26.8064 484.969
2 0.969877 3.62335 5.1781 26.9659 484.561
4 0.963742 3.62296 5.17609 27.1084 484.89
6 0.957897 3.62184 5.17508 26.4711 484.881
5 0.962155 3.61285 5.17385 26.7682 484.688
8 0.956773 3.66269 5.17516 24.5434 484.433
7 0.96695 3.63723 5.17019 25.7643 485.023
9 0.956264 3.60751 5.17547 27.4429 484.687
11 0.969288 3.61653 5.17248 27.4666 484.779
10 0.9607 3.64225 5.17445 25.1947 484.935
12 0.965286 3.62497 5.17459 26.7415 484.855
14 0.966826 3.63883 5.17739 26.733 484.564
13 0.963549 3.62347 5.17368 27.1003 484.93
15 0.96828 3.59924 5.17057 28.3625 485.1
