0 0.938804 3.04088 5.57319 50.3854 407.503
1 0.938804 3.04088 5.57319 50.3854 407.503
2 0.938005 3.04932 5.57804 50.5342 407.573
3 0.938905 3.07014 5.57895 47.3153 407.489
4 0.935358 3.05723 5.58006 50.6425 407.403
5 0.936825 3.04792 5.57547 50.5391 407.466
7 0.934209 3.0482 5.57976 50.7785 407.464
8 0.928949 3.05128 5.57156 49.3461 407.617
6 0.92778 3.03968 -nan 50.9428 407.362
9 0.929613 3.05793 5.57698 48.6697 407.481
10 0.939197 3.06583 5.57943 47.9846 407.441
11 0.935788 3.04252 5.57087 50.4465 407.723
12 0.934307 3.04111 5.5791 50.3028 407.351
13 0.937153 3.05659 5.57464 49.3755 407.589
14 0.938577 3.06553 5.57542 48.0565 407.437
15 0.936459 3.03693 5.57448 51.0012 407.498
