0 0.969271 3.70462 5.41464 22.461 654.101
1 0.969271 3.70462 5.41464 22.461 654.101
2 0.976688 3.71289 5.41375 22.2633 654.171
3 0.976031 3.70878 5.41523 22.6918 654.091
4 0.975438 3.72891 5.4198 22.1638 653.375
5 0.978831 3.70834 5.41222 22.2336 654.492
6 0.970188 3.72675 5.41591 21.1354 653.846
7 0.973852 3.7014 5.41209 22.1388 654.601
8 0.971632 3.7022 5.41341 22.905 654.037
9 0.964514 3.71198 5.41218 21.8417 654.371
11 0.976078 3.7043 5.41343 22.8421 654.371
10 0.971711 3.70137 5.41207 22.0946 654.486
12 0.977858 3.70645 5.41138 22.1323 654.86
13 0.972085 3.71505 5.41406 22.0611 653.941
14 0.97176 3.73342 5.41584 21.1917 653.791
15 0.977942 3.71673 5.41394 22.262 654.234
