0 0.985106 3.71159 5.59158 16.2965 609.494
1 0.985106 3.71159 5.59158 16.2965 609.494
2 0.988763 3.72213 5.59142 16.3846 609.351
3 0.983275 3.72354 5.59336 16.7722 609.216
4 0.983679 3.6879 5.59149 17.3361 609.653
6 0.977959 3.71717 5.59573 16.2559 609.192
5 0.984915 3.71889 5.59287 16.4656 609.241
7 0.985007 3.71068 5.59278 17.1898 609.641
8 0.979753 3.73308 5.5937 15.7577 609.462
9 0.975596 3.71423 5.59759 16.3747 608.79
10 0.98159 3.71317 5.59441 16.6073 609.372
11 0.986284 3.71459 5.59193 16.4079 609.464
12 0.983264 3.69797 5.58929 16.9506 609.676
14 0.981273 3.70912 5.59652 16.7181 609.19
13 0.987897 3.71061 5.59394 16.6928 609.286
15 0.993368 3.7078 5.5976 17.572 608.775
