0 0.922229 2.76503 5.24319 61.0782 267.069
1 0.922229 2.76503 5.24319 61.0782 267.069
2 0.922945 2.76146 5.24253 61.82 267.05
3 0.918481 2.77249 5.24416 61.2258 267.055
4 0.920466 2.73701 5.24326 63.6387 266.997
5 0.924601 2.74474 5.24211 63.9393 267.106
6 0.912376 2.75574 5.24785 62.0198 267.008
8 0.912961 2.75485 5.24586 62.5514 267.08
7 0.925361 2.75618 5.23742 62.5849 267.289
9 0.914352 2.75169 5.24568 61.6477 266.964
11 0.921516 2.76957 5.24004 62.175 266.906
10 0.919277 2.76902 5.24113 60.9609 267.076
12 0.924493 2.757 5.24313 63.4386 266.972
13 0.920768 2.74689 5.23853 62.5475 267.119
14 0.917315 2.76188 5.24802 62.9451 266.698
15 0.924743 2.7389 5.23811 64.0429 267.172
