0 0.983958 4.11789 5.57054 9.15185 729.499
1 0.983958 4.11789 5.57054 9.15185 729.499
2 0.990747 4.11839 5.57238 9.17469 729.531
3 0.983508 4.11852 5.57377 9.07281 729.492
4 0.992656 4.10637 5.57065 9.78169 729.951
5 0.99063 4.11301 -nan 9.41921 729.901
8 0.98281 4.12885 5.57407 9.14962 729.423
6 0.975883 4.09 -nan 9.6089 730.274
9 0.977483 4.12695 -nan 8.85283 729.706
7 0.986755 4.10902 -nan 9.01655 730.15
11 0.984587 4.11757 5.57197 9.28456 729.536
10 0.98049 4.11213 -nan 8.96794 729.592
13 0.984885 4.11294 5.56656 9.21861 730.087
12 0.985376 4.12724 -nan 9.0571 729.214
14 0.986095 4.12679 5.56723 9.08576 729.829
15 0.99433 4.09571 5.56945 9.7121 730.188
