1 0.985804 4.00087 5.36694 10.0091 582.268
2 0.992388 3.99891 5.36336 10.0827 582.555
0 0.985804 4.00087 5.36694 10.0091 582.268
3 0.984082 3.99216 5.36567 10.0686 582.276
4 0.987464 4.00084 5.36675 9.96114 582.167
5 0.986369 3.99887 5.36763 9.97045 582.031
6 0.979495 3.99485 5.36703 9.94386 582.121
7 0.988287 3.99266 5.36387 10.0939 582.573
8 0.979435 3.99379 5.36748 10.0182 582.252
9 0.981292 4.00405 5.36713 9.90533 582.044
11 0.9863 3.99267 5.3641 10.1322 582.484
10 0.986056 3.99717 5.36685 10.0386 582.133
12 0.985576 3.98915 5.36561 10.0909 582.384
13 0.984013 3.98962 5.36463 10.0543 582.336
14 0.980704 3.99605 5.36432 9.94148 582.358
15 0.989498 3.99715 5.36586 10.0317 582.283
