0 0.837405 2.45339 5.27258 94.6963 281.948
1 0.837405 2.45339 5.27258 94.6963 281.948
2 0.841241 2.4433 5.2736 97.5241 281.836
3 0.842732 2.46653 5.27788 93.8045 281.582
4 0.834245 2.4344 5.27327 98.3087 281.834
5 0.839192 2.44602 5.27472 97.0876 281.671
6 0.836233 2.47035 5.27661 91.8935 281.639
7 0.842389 2.45506 5.27345 94.6039 281.712
8 0.831793 2.45898 5.27423 95.6669 281.665
9 0.838345 2.45541 5.27672 93.4464 281.601
10 0.837687 2.45641 5.27665 93.7834 281.531
11 0.841024 2.46599 5.27385 93.8996 281.873
13 0.83983 2.45315 5.27376 96.1486 281.778
12 0.839755 2.45022 5.2777 96.3137 281.647
14 0.838849 2.46374 5.27818 95.092 281.529
15 0.844753 2.4477 5.27122 96.0413 281.819
