0 0.986506 3.71218 5.4359 14.2426 498.55
1 0.986506 3.71218 5.4359 14.2426 498.55
2 0.990015 3.70844 5.43241 13.8559 498.71
3 0.982542 3.73519 5.43474 13.3462 498.612
4 0.985723 3.71937 5.43637 14.1191 498.819
6 0.973742 3.71023 5.43912 13.6424 498.401
7 0.985471 3.71755 5.43429 13.7144 498.557
5 0.985303 3.71148 5.43531 14.1153 498.674
8 0.980637 3.73481 5.44124 13.4466 498.139
9 0.977648 3.71752 5.43803 13.5326 498.484
11 0.989288 3.72162 5.43386 13.5968 498.859
10 0.97941 3.72552 5.43708 13.5159 498.381
12 0.983881 3.71486 5.43536 13.7814 498.676
13 0.989033 3.73226 5.4369 13.5107 498.525
14 0.981377 3.7141 5.43306 13.9126 498.452
15 0.988235 3.7068 5.43638 13.9271 498.319
