0 0.93876 2.94684 5.10185 51.7037 370.733
1 0.93876 2.94684 5.10185 51.7037 370.733
2 0.945571 2.92251 5.09874 52.0342 371.166
3 0.942006 2.95062 5.10005 50.3876 371.004
4 0.942247 2.93842 5.10603 51.4828 370.964
6 0.932209 2.9583 5.10062 49.7962 371.091
5 0.943693 2.91134 5.09886 52.6299 371.193
7 0.94855 2.91934 5.10012 54.0761 370.972
8 0.943059 2.95529 5.10118 49.6206 370.961
9 0.938889 2.93232 5.09651 51.4962 371.465
10 0.942468 2.9366 5.09557 51.5612 371.016
11 0.944645 2.92039 5.09853 52.0503 371.293
12 0.944298 2.94236 5.09724 50.2887 371.482
13 0.944143 2.94525 5.09854 51.2598 371.213
14 0.944366 2.95248 5.10113 51.6037 371.174
15 0.949114 2.91233 5.09913 53.2953 370.998
