0 0.975735 3.35251 5.35367 26.7998 393.346
1 0.975735 3.35251 5.35367 26.7998 393.346
2 0.977493 3.35526 5.35148 25.5854 393.497
3 0.969656 3.34632 5.34461 25.6974 393.395
4 0.972425 3.33893 5.35289 26.4428 393.49
5 0.979685 3.34143 5.34149 27.1334 393.486
6 0.970463 3.34919 5.34677 25.5282 393.671
7 0.972964 3.34439 5.34255 25.2185 393.653
8 0.971575 3.33901 5.34323 26.6614 393.568
9 0.966057 3.33444 5.35282 26.4066 393.266
11 0.97407 3.3584 5.3493 25.5019 393.696
10 0.96867 3.32166 5.34341 27.6598 393.583
13 0.97713 3.36346 5.33615 25.8999 393.897
12 0.97445 3.3618 5.34538 25.3028 393.472
14 0.969779 3.35224 5.34066 25.6248 393.553
15 0.973832 3.32375 5.34871 26.85 393.512
