0 0.961364 3.62275 5.22226 27.226 479.464
1 0.961364 3.62275 5.22226 27.226 479.464
2 0.967929 3.62212 5.22236 28.465 479.376
3 0.958903 3.62417 5.22419 27.3648 479.314
4 0.966005 3.61259 5.22109 28.9168 479.557
5 0.965492 3.61737 5.2201 27.8424 479.543
6 0.956852 3.6134 5.22467 27.9433 479.234
7 0.965036 3.61021 5.21992 28.0684 479.63
9 0.956682 3.60834 5.22275 28.0897 479.297
8 0.958851 3.62756 5.22096 26.9218 479.524
11 0.968986 3.62374 5.21839 28.2918 479.871
10 0.96168 3.60772 5.22044 28.361 479.596
12 0.96898 3.61883 5.22173 28.369 479.451
13 0.967078 3.59346 5.21846 30.2436 479.831
14 0.960513 3.63636 5.22242 27.3145 479.446
15 0.967816 3.59903 5.22297 29.5877 479.368
