0 0.978974 3.45818 5.40165 21.5706 397.369
2 0.985795 3.46724 5.3995 21.5036 397.511
1 0.978974 3.45818 5.40165 21.5706 397.369
4 0.986258 3.47024 5.40064 20.9405 397.343
3 0.977956 3.4639 5.40165 21.1574 397.251
5 0.986151 3.4572 5.40148 21.6267 397.245
6 0.974954 3.46434 5.39911 20.6477 397.513
7 0.98968 3.46121 5.39744 21.6652 397.558
8 0.974933 3.46489 5.39979 21.026 397.368
9 0.975524 3.47503 5.4016 20.2581 397.226
10 0.980534 3.46497 5.4018 21.3555 397.199
11 0.988902 3.47231 5.39836 20.8188 397.515
12 0.9828 3.45918 5.40121 21.8524 397.315
13 0.984679 3.44696 5.3994 22.0698 397.352
14 0.980153 3.47444 5.40082 20.9562 397.303
15 0.990399 3.45141 5.39746 21.8434 397.583
