0 0.932269 3.31145 5.14862 42.5604 353.042
1 0.932269 3.31145 5.14862 42.5604 353.042
2 0.936279 3.30346 5.14303 44.0683 353.126
4 0.935141 3.32538 5.1496 41.7059 352.993
3 0.92641 3.3214 5.14997 42.3979 352.874
5 0.934995 3.30438 5.14589 42.743 353.051
6 0.928497 3.32696 5.14543 41.7611 353.056
7 0.935914 3.33065 5.14478 42.7549 353.005
8 0.930137 3.33124 5.14705 42.132 353.064
10 0.930381 3.31935 5.14978 42.274 352.802
9 0.923094 3.30315 5.14427 42.6007 353.002
11 0.932375 3.30561 5.14623 44.132 352.955
12 0.936925 3.32269 5.14493 41.8888 353.169
13 0.937134 3.32281 5.14404 41.9081 353.297
14 0.937695 3.32057 5.14648 42.431 352.853
15 0.938391 3.2955 5.141 43.2923 353.258
