0 0.96902 3.67863 5.1559 25.1882 441.212
1 0.96902 3.67863 5.1559 25.1882 441.212
2 0.971475 3.67 5.15472 27.5948 441.278
3 0.965737 3.67448 5.15577 26.229 441.266
4 0.966337 3.68026 5.15983 25.783 440.935
6 0.965246 3.68203 5.15535 25.0631 441.297
8 0.966066 3.70142 5.15803 24.5398 441.007
5 0.970029 3.66245 5.15833 27.0837 441.108
7 0.967363 3.67172 5.15578 26.7157 441.186
9 0.958 3.67496 5.15632 25.0088 441.116
11 0.96852 3.68324 5.15576 25.4191 441.251
10 0.964289 3.66819 5.15975 27.0649 440.758
12 0.967817 3.68303 5.15667 25.489 441.182
13 0.971865 3.67879 5.15517 25.4461 441.274
14 0.963225 3.66809 5.15946 25.8921 441.046
15 0.973043 3.67329 5.15509 26.0294 441.388
