0 0.965874 3.73451 5.20729 22.474 518.52
1 0.965874 3.73451 5.20729 22.474 518.52
2 0.968092 3.73533 5.20928 23.2025 518.295
3 0.96382 3.75964 5.20735 21.0299 518.799
5 0.968119 3.75134 5.20984 21.7434 518.257
4 0.964681 3.73749 5.21104 24.2716 518.076
7 0.966319 3.76852 5.21046 21.1259 518.197
8 0.959486 3.74223 5.2078 23.4364 518.492
6 0.961415 3.75462 5.21116 21.7613 518.223
9 0.958957 3.738 5.21215 23.0553 518.087
10 0.960147 3.7532 5.21356 22.8307 517.758
11 0.966854 3.76558 5.20276 21.5781 519.12
12 0.964361 3.74186 5.20728 22.0383 518.114
13 0.964909 3.74285 5.20707 22.3991 518.631
14 0.960149 3.75312 5.21223 22.9079 518.069
15 0.970435 3.72364 5.20723 23.7441 518.548
