0 0.880462 2.46727 5.07253 84.232 265.748
1 0.880462 2.46727 5.07253 84.232 265.748
2 0.881836 2.49126 5.06491 81.0063 266.225
3 0.877002 2.48257 5.07254 84.2966 265.753
4 0.885448 2.47353 5.07361 85.1451 265.734
5 0.88175 2.44961 5.06869 86.9663 265.98
6 0.87305 2.47575 5.07268 83.8054 265.66
7 0.886078 2.48045 5.0657 84.653 266.155
8 0.881413 2.48841 5.06855 83.0947 266.103
9 0.879368 2.48231 5.07376 81.7564 265.677
10 0.878883 2.47695 5.06929 83.2584 266.054
11 0.879904 2.48309 5.07138 84.7843 265.862
12 0.878355 2.45426 5.07695 87.1469 265.796
13 0.881246 2.47394 5.05836 85.5236 265.91
14 0.879453 2.48373 5.07212 85.6651 265.842
15 0.884632 2.45958 5.0575 84.9023 266.016
