0 0.908188 2.90244 5.47152 65.8504 478.287
1 0.908188 2.90244 5.47152 65.8504 478.287
3 0.903768 2.9399 5.46786 63.9234 478.699
2 0.902736 2.92524 5.46953 64.3182 478.394
4 0.906103 2.89564 5.4663 66.2628 478.792
5 0.908068 2.8863 5.46652 65.7716 478.729
6 0.898897 2.9084 5.4674 65.0553 478.711
7 0.905311 2.90457 5.46737 65.8804 478.636
8 0.90412 2.93845 5.4683 62.6716 478.533
9 0.897715 2.91042 5.46928 65.1992 478.492
10 0.903389 2.9096 5.46986 64.1779 478.474
11 0.900552 2.8993 5.46729 67.1154 478.553
12 0.900753 2.89538 5.46839 67.4616 478.647
13 0.906802 2.90089 5.46792 66.3233 478.659
14 0.900616 2.91972 5.46611 66.0711 478.837
15 0.906486 2.8774 5.46592 68.6136 478.778
