0 0.968986 3.14766 5.16791 35.6812 372.789
1 0.968986 3.14766 5.16791 35.6812 372.789
2 0.977392 3.19247 5.16726 33.2414 372.653
3 0.968594 3.14827 5.16665 34.415 372.92
4 0.972792 3.1652 5.16622 34.05 373.144
5 0.969763 3.15363 5.17116 35.5484 372.658
6 0.963027 3.15981 5.17017 34.9412 372.605
7 0.97354 3.15234 5.17064 35.8794 372.58
8 0.966223 3.17217 5.16657 34.0247 373.017
10 0.964176 3.16058 5.16731 35.2067 372.826
9 0.962315 3.16755 5.17004 33.389 372.841
11 0.968135 3.15951 5.17013 34.8017 372.531
13 0.970595 3.16103 5.16662 34.5061 373.026
12 0.969977 3.15702 5.16414 34.2152 373.344
14 0.971799 3.1587 5.17238 35.7592 372.557
15 0.973438 3.13401 5.16467 35.9535 372.816
