0 0.920344 2.97169 -nan 59.0999 362.373
1 0.920344 2.97169 -nan 59.0999 362.373
2 0.919717 2.97215 5.39046 58.0556 362.914
3 0.917947 2.99691 5.3924 55.6417 362.639
4 0.917939 2.97405 5.38968 59.4675 362.975
5 0.91746 2.96565 5.38947 58.2797 362.948
6 0.910563 2.97269 5.38795 58.6395 362.884
7 0.922451 2.97844 5.38325 58.9435 362.787
8 0.915362 2.97318 5.39291 58.937 362.705
9 0.907156 2.96212 5.38993 57.7276 362.789
11 0.919089 2.96976 5.39094 59.1699 362.748
10 0.919855 2.98706 5.38989 56.589 362.764
12 0.922609 2.97844 5.38906 58.8763 362.903
13 0.918602 2.97399 5.38563 58.7453 362.839
14 0.914938 2.96248 5.39172 58.2576 362.667
15 0.920426 2.94821 5.38953 60.8299 362.899
