0 0.985789 3.95604 5.29865 10.8829 614.421
1 0.985789 3.95604 5.29865 10.8829 614.421
2 0.989073 3.96184 5.29605 10.7019 614.754
4 0.987234 3.9525 5.2944 10.942 614.438
3 0.987223 3.97542 5.30324 10.6819 613.839
5 0.986524 3.96435 5.29953 10.8685 613.786
6 0.977229 3.9567 5.29931 10.7333 614.15
7 0.986502 3.96888 5.29988 10.617 613.906
10 0.983372 3.96054 5.29671 10.8365 614.415
9 0.974017 3.96038 5.30229 10.6251 613.525
8 0.981311 3.97592 5.30154 10.4441 613.825
11 0.989491 3.96936 5.29806 10.7058 614.467
12 0.988335 3.95529 5.29571 10.8339 614.766
13 0.986474 3.96752 5.29475 10.6451 614.606
14 0.988889 3.97051 5.30009 10.7031 614.083
15 0.990072 3.94645 5.29646 11.0061 614.427
