0 0.954033 3.45254 5.16685 33.3499 489.283
1 0.954033 3.45254 5.16685 33.3499 489.283
3 0.949213 3.46703 5.16761 32.7186 489.401
2 0.957028 3.46082 5.1637 33.6322 489.408
4 0.955421 3.47424 5.16461 32.92 489.523
5 0.959291 3.46336 5.15815 32.4249 489.828
6 0.944759 3.46368 5.16218 31.8475 489.614
7 0.954489 3.46562 5.16602 33.4931 489.349
8 0.943499 3.48398 5.16584 32.3468 489.706
10 0.946923 3.46254 5.16147 33.7444 489.574
9 0.945994 3.48937 5.17159 32.1238 488.708
11 0.957999 3.47269 5.16309 32.212 489.571
12 0.954108 3.48283 5.1632 32.6677 489.522
13 0.953605 3.45935 5.15657 32.9428 490.249
14 0.954366 3.47808 5.16607 32.3579 489.283
15 0.960788 3.45168 5.15794 33.7421 490.119
