0 0.906641 2.95082 5.43728 59.4974 414.554
1 0.906641 2.95082 5.43728 59.4974 414.554
2 0.905715 2.94618 5.43594 58.9638 414.511
3 0.901933 2.95102 5.43317 57.8855 414.66
4 0.911539 2.96086 5.43507 57.7213 414.855
5 0.911399 2.94782 5.43733 58.8309 414.549
6 0.902125 2.96921 5.44262 56.5524 414.176
7 0.907092 2.93238 -nan 60.1377 414.729
8 0.902684 2.95206 5.43298 58.885 414.457
9 0.899054 2.95309 5.44174 58.0595 414.249
10 0.901552 2.95008 5.43685 57.2783 414.024
11 0.912868 2.96613 5.43224 56.8199 414.569
12 0.910729 2.95443 5.43619 58.0736 414.659
13 0.906211 2.93082 5.43281 59.6264 414.941
14 0.907379 2.95772 5.43762 59.5144 414.616
15 0.910633 2.95308 5.43214 58.8341 414.679
