0 0.760664 2.6908 5.51155 146.11 403.544
1 0.760664 2.6908 5.51155 146.11 403.544
2 0.761918 2.69618 5.51153 145.301 403.641
3 0.757016 2.68764 5.51207 145.48 403.458
4 0.751227 2.68654 5.51397 146.688 403.339
5 0.757648 2.69939 5.51222 145.519 403.504
6 0.751541 2.68888 5.5149 144.805 403.214
7 0.756383 2.69084 5.51227 146.388 403.436
8 0.755771 2.70838 5.51158 142.495 403.452
9 0.746032 2.67241 5.51369 146.257 403.268
10 0.753745 2.68938 5.51516 146.9 403.206
11 0.752041 2.68317 5.51419 145.467 403.388
12 0.759586 2.69713 5.51223 146.204 403.432
13 0.757322 2.6966 5.51336 145.999 403.369
14 0.757638 2.69716 5.51216 143.446 403.512
15 0.754694 2.6728 5.51487 148.496 403.278
