0 0.916139 2.81087 5.53552 62.1208 402.083
1 0.916139 2.81087 5.53552 62.1208 402.083
2 0.916554 2.80714 5.53312 63.3743 402.108
3 0.917003 2.83303 5.53459 60.4307 402.026
5 0.91932 2.80373 5.53476 62.8805 402.125
6 0.912247 2.82832 5.53632 61.2112 401.996
4 0.916187 2.8291 5.53589 60.8856 402.118
7 0.916706 2.81847 5.53711 61.8642 401.996
8 0.915295 2.83823 5.53729 59.9256 401.895
10 0.912841 2.8262 5.53709 61.6562 401.942
9 0.9155 2.81266 5.53493 60.5385 402.136
11 0.916642 2.81708 5.53539 62.5079 401.984
13 0.913688 2.81185 5.53781 63.9957 401.959
14 0.912657 2.81254 5.53798 62.155 401.935
12 0.919311 2.82742 5.53642 60.4601 401.927
15 0.918966 2.80774 5.53589 61.8416 402.126
