0 0.720781 2.55441 5.31002 146.389 367.473
1 0.720781 2.55441 5.31002 146.389 367.473
2 0.719523 2.52949 5.31075 149.48 367.263
3 0.722299 2.54069 5.31008 147.413 367.372
4 0.724158 2.54895 5.30761 146.834 367.616
5 0.723873 2.5307 5.30855 149.924 367.527
6 0.718419 2.54992 5.3097 146.103 367.453
8 0.722407 2.54477 5.3101 146.37 367.421
7 0.724122 2.54113 5.3074 147.65 367.514
9 0.719836 2.53099 5.30927 147.435 367.535
10 0.717069 2.5446 5.31079 147.062 367.371
11 0.724852 2.54783 5.30972 148.064 367.506
12 0.717491 2.53882 5.31136 148.856 367.212
13 0.722277 2.5437 5.3103 148.288 367.373
14 0.717078 2.53139 5.31022 147.596 367.583
15 0.719378 2.49577 5.31147 152.252 367.331
