1 0.988274 3.9104 5.47669 10.9626 503.906
0 0.988274 3.9104 5.47669 10.9626 503.906
3 0.986047 3.91993 5.48045 10.9183 503.3
2 0.992939 3.90779 5.47571 11.043 503.846
4 0.986963 3.91406 5.47607 10.8947 503.786
5 0.987321 3.91545 5.47675 10.8096 503.802
7 0.984534 3.90781 5.4744 10.8717 503.989
6 0.974214 3.9091 5.47791 10.6928 503.621
8 0.980747 3.91961 5.47877 10.9011 503.55
9 0.983333 3.92255 5.47964 10.777 503.353
10 0.982382 3.91914 5.47988 10.7372 503.389
11 0.993312 3.91908 5.47601 10.9486 503.902
13 0.985949 3.92394 5.47723 10.7278 503.636
12 0.982137 3.90996 5.47742 10.9445 503.527
15 0.996785 3.90124 5.47489 11.2028 503.962
14 0.984553 3.90586 5.47513 10.964 503.944
