0 0.961066 3.36173 5.15917 38.1153 480.076
1 0.961066 3.36173 5.15917 38.1153 480.076
2 0.965788 3.36673 5.15695 38.2872 479.983
3 0.958575 3.37654 5.16485 37.3814 479.418
4 0.963852 3.40059 5.16456 35.6813 479.452
5 0.95849 3.38284 5.1627 36.9644 479.658
6 0.955748 3.41016 5.16045 34.542 479.81
7 0.96418 3.37365 5.15584 38.0567 479.745
8 0.955613 3.38885 5.1641 36.758 479.559
9 0.957583 3.37825 5.15504 36.0273 479.713
10 0.959824 3.36167 5.16078 38.3547 479.901
11 0.964788 3.36445 5.15275 38.18 480.207
12 0.963401 3.37116 5.15797 36.8708 480.278
13 0.963219 3.36401 5.16103 38.9959 479.228
15 0.967682 3.34745 5.15866 38.7743 480.209
14 0.96027 3.33468 5.15756 39.3708 480.153
