0 0.963081 3.63862 5.19324 25.944 538.62
3 0.959859 3.64925 5.19003 25.6858 537.407
2 0.97073 3.63785 5.19489 26.5301 538.208
1 0.963081 3.63862 5.19324 25.944 538.62
4 0.968177 3.66739 -nan 25.3877 537.452
5 0.969991 3.62787 5.19414 27.0491 538.364
7 0.963669 3.64077 5.18843 25.4843 538.256
6 0.960048 3.62522 5.19132 27.0969 538.112
8 0.955972 3.63237 5.19298 26.31 538.316
9 0.95491 3.62738 -nan 26.2511 538.058
10 0.963597 3.63855 5.191 26.4687 537.925
11 0.964623 3.64617 5.19758 25.8838 537.35
12 0.964966 3.6273 5.19237 26.612 537.939
13 0.965806 3.6283 5.19213 26.3722 538.219
14 0.966511 3.63257 5.18567 27.3078 537.936
15 0.965199 3.6627 -nan 24.2921 537.856
