0 0.964669 3.48776 5.403 28.71 531.003
1 0.964669 3.48776 5.403 28.71 531.003
3 0.968139 3.4871 5.40337 27.9908 530.935
2 0.969896 3.47798 5.39568 27.9182 531.272
4 0.968279 3.47909 5.40057 29.8355 530.97
5 0.969593 3.48779 5.40069 28.0844 531.061
6 0.956208 3.4814 5.39861 27.7321 531.239
7 0.967526 3.48602 5.39773 26.9273 531.288
9 0.96344 3.49254 5.40219 27.5261 530.797
8 0.963137 3.51144 5.39804 26.5181 531.041
11 0.970244 3.48654 5.40035 27.7922 530.978
10 0.969171 3.51054 5.39842 27.4289 530.974
12 0.967959 3.48711 5.39881 27.6614 531.122
14 0.966514 3.50124 5.40023 27.1763 530.768
13 0.967173 3.47658 5.4033 28.2033 530.993
15 0.974334 3.46583 5.39727 29.0653 531.3
