0 0.984631 3.87525 5.35268 15.5876 636.864
1 0.984631 3.87525 5.35268 15.5876 636.864
2 0.989 3.86396 5.35269 16.557 636.76
3 0.976685 3.87003 5.34919 16.0587 636.839
4 0.98087 3.86023 5.3465 15.3256 637.208
5 0.977536 3.84326 5.34764 17.0572 637.096
6 0.980093 3.87449 5.3538 15.631 636.391
7 0.988576 3.88211 5.35428 16.2848 636.181
8 0.978266 3.87305 5.35216 16.2614 636.866
9 0.975219 3.86766 5.35689 15.4988 636.15
10 0.983942 3.86299 5.35131 16.3565 636.793
11 0.982764 3.86839 5.35163 16.0214 636.823
12 0.983098 3.85768 5.35071 16.744 637.309
14 0.984565 3.86928 5.35145 15.822 636.695
13 0.985606 3.86114 5.35378 16.3499 636.148
15 0.988602 3.85324 5.35096 16.2209 636.652
