1 0.97996 3.78682 5.46019 12.4441 517.623
2 0.990206 3.78933 5.45429 12.5537 517.996
0 0.97996 3.78682 5.46019 12.4441 517.623
3 0.978593 3.78344 5.459 12.4999 517.85
5 0.986933 3.7809 5.45504 12.7681 517.794
7 0.986604 3.78171 5.45304 12.7391 518.144
4 0.988014 3.79673 5.45782 12.5171 517.818
8 0.977465 3.77148 5.45715 12.7342 517.975
6 0.973037 3.78978 5.46153 12.4069 517.637
9 0.979553 3.80247 5.45703 12.3757 517.697
10 0.982905 3.78344 5.45503 12.6711 517.812
11 0.984159 3.77935 5.45698 12.5642 518.062
12 0.983321 3.77616 -nan 12.7691 517.936
13 0.98556 3.77506 5.45333 12.7731 518.112
15 0.991608 3.78662 5.45403 12.5839 517.808
14 0.982614 3.77667 5.45804 12.7938 517.879
