0 0.952764 2.99169 5.36494 48.9981 434.443
2 0.955476 3.01377 5.36527 48.1807 433.987
1 0.952764 2.99169 5.36494 48.9981 434.443
3 0.947331 3.03558 -nan 47.0034 434.154
4 0.947976 2.97613 5.35918 51.8872 434.453
6 0.9462 3.00931 -nan 48.9035 434.684
5 0.949613 2.96811 5.35805 51.9267 434.551
7 0.953944 2.9836 5.35338 50.5621 435.204
8 0.946619 3.00044 5.35881 48.8634 434.767
9 0.941305 2.98959 5.35584 49.4168 434.806
11 0.949338 3.02277 5.35979 48.4634 434.882
10 0.948285 2.99309 -nan 49.5609 434.421
12 0.951822 3.01951 5.3642 49.3593 434.126
13 0.94985 3.02429 5.35916 48.2615 433.857
14 0.949614 3.01216 5.36141 49.4259 434.132
15 0.950158 2.98095 5.36137 51.8008 434.634
