1 0.985357 4.05148 5.42925 10.2143 701.138
0 0.985357 4.05148 5.42925 10.2143 701.138
2 0.99134 4.04884 5.42762 10.5056 701.109
3 0.985561 4.04587 5.42826 10.6193 701.649
4 0.987653 4.06045 5.43269 10.2355 700.861
5 0.994324 4.06332 5.43016 10.7043 700.666
6 0.982298 4.05877 5.43253 10.4752 700.855
8 0.978464 4.06247 5.43261 10.1562 701.055
7 0.987044 4.0689 5.43303 10.2251 700.921
9 0.979646 4.04276 5.42819 10.5578 701.279
10 0.986366 4.06322 5.43315 10.4391 700.695
11 0.989835 4.05491 5.43037 10.6664 700.664
12 0.991291 4.06208 5.43104 10.5252 700.706
13 0.990301 4.0644 5.426 10.3572 700.891
14 0.987477 4.04403 5.4292 11.1522 701.231
15 0.994318 4.05618 5.43096 10.2505 700.869
