0 0.964679 3.61793 5.15581 28.5154 547.277
2 0.970094 3.56061 5.14824 31.1096 548.017
1 0.964679 3.61793 5.15581 28.5154 547.277
3 0.96065 3.61544 5.15854 28.3387 546.862
5 0.96313 3.5702 5.15462 31.5561 546.711
4 0.96052 3.58007 5.16599 31.3158 546.172
6 0.957616 3.59435 5.16068 28.881 546.582
7 0.966957 3.58396 5.15479 29.6119 547.563
9 0.956094 3.59083 5.15955 29.1297 546.975
8 0.957895 3.59362 5.15505 29.0294 547.602
11 0.966579 3.59024 5.15708 30.1069 547.227
10 0.962971 3.57833 5.16147 29.9517 546.49
13 0.967228 3.57525 5.14904 30.4996 547.413
12 0.960032 3.57484 5.15221 29.7499 547.924
14 0.965799 3.58618 5.15019 30.0938 547.389
15 0.966875 3.55238 5.157 31.505 547.014
