0 0.98767 3.83079 5.3078 16.2857 614.617
1 0.98767 3.83079 5.3078 16.2857 614.617
2 0.988301 3.8319 5.30648 16.0894 615.072
4 0.986927 3.85588 5.31053 15.3002 614.598
3 0.985841 3.86894 5.30815 15.0059 614.674
5 0.991966 3.84987 5.31091 15.5637 614.434
7 0.990812 3.85932 5.31303 15.046 614.179
6 0.977852 3.85514 5.30927 14.7204 614.45
8 0.979808 3.8439 5.3105 15.5706 614.627
9 0.976656 3.8535 5.31054 14.1713 614.252
10 0.97623 3.84236 5.31184 15.0919 614.206
12 0.983731 3.86056 5.30855 14.3363 614.75
11 0.986245 3.84817 5.30789 14.9637 614.608
13 0.989156 3.84898 5.30857 15.3557 614.639
14 0.983208 3.81815 5.30724 16.1402 614.944
15 0.993601 3.85203 5.3105 15.4443 614.278
