1 0.971614 3.32432 5.38455 27.8526 401.427
0 0.971614 3.32432 5.38455 27.8526 401.427
2 0.978192 3.31454 5.37784 27.5017 401.905
3 0.972371 3.34267 5.37996 26.2052 401.562
4 0.975775 3.32665 5.37869 28.6394 401.524
5 0.978844 3.30999 5.38005 28.3841 401.641
6 0.968421 3.34383 5.38143 26.1886 401.652
7 0.977818 3.31924 5.37706 28.0519 402.013
8 0.965333 3.32023 5.38026 27.2543 401.633
9 0.965907 3.37106 5.37972 24.2932 401.614
11 0.973633 3.32052 5.37531 27.7901 401.593
10 0.969269 3.32716 5.37418 26.8406 401.761
12 0.970986 3.31893 -nan 27.86 401.6
13 0.974399 3.32424 5.37242 27.0673 402.144
14 0.975886 3.33382 5.38014 26.9407 401.686
15 0.97377 3.32921 5.37343 26.5171 401.84
