0 0.93701 3.47993 5.27052 41.2971 490.124
1 0.93701 3.47993 5.27052 41.2971 490.124
2 0.939536 3.49466 5.27562 39.9559 489.627
3 0.932976 3.49546 5.27071 39.0847 489.896
4 0.933462 3.50418 5.27636 39.7977 489.871
5 0.935382 3.46677 5.27086 41.3643 490.722
6 0.931149 3.49999 5.2786 40.4122 489.574
7 0.93647 3.46993 5.27067 41.7238 490.574
8 0.932035 3.50518 5.27291 39.125 490.075
9 0.936864 3.52774 5.2738 37.6553 489.676
10 0.934188 3.49231 5.27034 38.8553 490.557
11 0.937492 3.53182 5.27677 36.1923 489.189
13 0.938603 3.51572 5.2737 37.693 490.005
12 0.936625 3.5036 5.2727 39.9041 489.929
14 0.937292 3.49059 5.26887 39.7151 490.482
15 0.939451 3.48235 5.26872 39.2423 490.399
