0 0.957238 2.88767 5.16315 43.4713 274.063
1 0.957238 2.88767 5.16315 43.4713 274.063
2 0.961279 2.90256 5.16357 42.8074 274.084
3 0.956095 2.88659 5.16559 42.7954 274.025
4 0.956588 2.88871 5.16762 43.923 274.038
5 0.959046 2.87259 5.16642 43.5695 274.09
6 0.956286 2.89786 5.16167 42.609 273.933
7 0.960435 2.88717 5.16865 43.5634 273.942
8 0.952865 2.91877 5.16824 41.4094 273.923
9 0.953891 2.88893 5.16158 43.1341 274.122
10 0.954493 2.88362 5.15906 42.9849 273.929
11 0.95928 2.88501 5.15824 44.2317 274.023
12 0.962285 2.893 5.16322 43.1899 274.114
13 0.954573 2.90761 5.16725 42.0472 274.076
14 0.958731 2.89284 5.16223 44.0398 274.05
15 0.961977 2.86393 5.1589 45.8331 274.017
