0 0.898887 2.85167 5.27541 66.3995 364.843
1 0.898887 2.85167 5.27541 66.3995 364.843
2 0.897268 2.85336 5.27489 65.466 364.823
3 0.893552 2.89395 5.28251 64.1755 363.993
4 0.897272 2.87521 5.27276 64.9021 364.713
5 0.897747 2.86025 5.28112 65.1537 364.644
6 0.889525 2.88502 5.27718 62.981 364.372
7 0.90014 2.87863 5.27739 63.257 364.931
8 0.893688 2.88261 5.27612 63.713 364.813
9 0.893361 2.8774 5.27922 63.0238 364.694
10 0.895685 2.88818 5.27977 63.4582 364.309
11 0.897189 2.88037 5.27926 64.4166 364.743
12 0.896418 2.86764 5.27816 66.9362 364.676
13 0.90144 2.88016 5.27204 64.9288 365.215
14 0.895284 2.86972 5.27774 65.4846 364.651
15 0.896791 2.8658 5.27546 66.3821 364.666
