0 0.825673 3.19604 5.25995 83.7341 401.836
1 0.825673 3.19604 5.25995 83.7341 401.836
2 0.827051 3.18165 5.25532 83.1443 402.18
3 0.821853 3.18415 5.25798 82.6773 402.374
4 0.826306 3.20494 5.26512 82.8697 401.91
5 0.832713 3.1867 5.26022 82.6709 402.312
6 0.823613 3.19292 5.25756 83.0083 401.769
7 0.83039 3.19178 5.26032 82.3188 402.282
9 0.821058 3.19016 5.25942 81.7605 402.057
8 0.825498 3.18728 5.25848 83.1109 401.959
11 0.826468 3.19688 5.26431 82.011 402.132
10 0.819781 3.18967 5.26196 81.9273 401.824
12 0.823541 3.16968 5.26114 84.7231 402.127
13 0.830652 3.18413 5.25806 83.8697 402.237
14 0.832571 3.19184 5.25795 82.6195 402.263
15 0.834804 3.19062 5.25935 83.3433 401.865
