0 0.80381 2.46327 5.22048 107.511 351.252
1 0.80381 2.46327 5.22048 107.511 351.252
2 0.810182 2.4605 5.22008 108.114 351.036
4 0.802059 2.46385 5.22286 109.012 350.63
3 0.797985 2.44763 5.22558 109.25 350.813
5 0.808729 2.45164 5.21998 109.08 351.139
6 0.795651 2.44814 5.22359 108.94 350.847
7 0.812286 2.45522 5.21971 109.075 351.238
8 0.803797 2.46639 5.22111 106.975 351.146
9 0.801335 2.46323 5.22656 107.588 350.528
10 0.801625 2.45664 5.22556 108.639 350.829
11 0.805824 2.45046 5.21609 109.191 351.28
12 0.806052 2.45881 5.22322 109.335 350.99
14 0.803298 2.45311 5.22341 109.389 350.978
13 0.805541 2.45796 5.21656 108.588 351.418
15 0.806187 2.44632 5.22493 111.962 350.673
