0 0.949355 3.41722 -nan 36.8988 478.861
1 0.949355 3.41722 -nan 36.8988 478.861
2 0.951027 3.40903 -nan 36.4509 478.703
3 0.944287 3.42439 5.2528 36.1729 478.593
4 0.950383 3.39581 5.24352 38.2541 479.124
5 0.946236 3.36078 5.24338 39.9791 479.217
6 0.943153 3.40545 5.24785 36.7888 478.891
8 0.940694 3.41848 5.24504 36.7915 478.932
7 0.951914 3.38185 5.24891 39.0987 478.835
9 0.937288 3.42007 5.24955 36.6488 478.564
11 0.947306 3.43195 5.25301 35.9586 478.672
12 0.947518 3.40048 5.24314 37.4043 478.815
10 0.944304 3.39756 5.24892 37.3945 478.796
13 0.950391 3.40642 5.24488 37.7636 479.117
14 0.945754 3.41029 5.23799 37.1558 479.325
15 0.949634 3.40887 5.2497 37.8134 478.249
