0 0.901978 3.13128 5.3043 57.571 400.002
1 0.901978 3.13128 5.3043 57.571 400.002
2 0.909781 3.13881 5.30409 57.9088 399.91
4 0.90178 3.14197 5.30393 58.5545 400.09
3 0.894467 3.13625 5.3024 59.2117 399.688
6 0.896278 3.12901 5.30601 59.1632 399.698
5 0.905399 3.14837 5.30347 58.7214 400.07
7 0.902232 3.13942 5.3022 57.8026 400.059
8 0.897658 3.14829 5.3061 56.8263 399.473
9 0.894648 3.12062 5.30191 59.0013 400.285
10 0.902478 3.14831 5.31044 58.1693 399.196
11 0.903004 3.14114 5.30403 58.801 399.734
12 0.905241 3.14171 5.30583 58.0178 399.823
13 0.901082 3.13528 5.30639 58.4232 399.667
14 0.905154 3.13976 5.30363 58.732 399.824
15 0.910007 3.13088 5.30425 59.4708 399.469
