0 0.949997 3.0484 5.51145 45.2651 423.355
1 0.949997 3.0484 5.51145 45.2651 423.355
2 0.952264 3.05123 5.50989 44.8241 423.069
3 0.947693 3.04784 5.51256 46.1287 423.126
4 0.947011 3.04398 5.51147 46.6913 423.071
5 0.947664 3.02466 5.51334 47.5338 422.887
6 0.944202 3.06992 5.51568 43.2582 423.12
7 0.953232 3.06602 5.50801 43.348 423.308
8 0.947471 3.07961 5.51638 44.4694 423.027
9 0.943523 3.07549 5.51214 43.3677 422.943
10 0.947692 3.03754 5.51173 45.6552 422.987
11 0.951761 3.08349 5.51209 44.0887 423.171
12 0.946028 3.04646 5.51253 45.4471 423.061
13 0.950926 3.03741 5.50756 46.6743 423.245
14 0.942674 3.04735 5.5109 44.9701 423.106
15 0.955245 3.0561 5.50743 45.957 422.963
