0 0.964766 3.11275 5.22859 40.938 385.505
1 0.964766 3.11275 5.22859 40.938 385.505
2 0.965836 3.12811 5.21979 39.2285 385.497
3 0.957861 3.14378 5.23811 37.7466 385.043
4 0.961864 3.11509 5.23432 41.4609 385.555
5 0.954842 3.08002 5.23724 45.3439 384.928
6 0.954933 3.12426 5.23538 40.5398 385.024
8 0.955293 3.12117 5.23244 40.7284 385.425
7 0.963594 3.14149 5.2403 39.2295 384.827
9 0.955904 3.13364 5.23447 38.4146 384.984
10 0.954597 3.13895 5.23627 39.1153 385.149
11 0.959412 3.10943 5.23685 41.8113 384.99
12 0.963202 3.11014 5.23644 41.2689 385.103
13 0.960335 3.12169 5.23751 41.4696 385.058
14 0.958088 3.14107 5.23971 39.4082 384.787
15 0.965214 3.09419 5.23729 43.469 384.887
