0 0.918635 2.8643 5.39687 61.3146 351.922
1 0.918635 2.8643 5.39687 61.3146 351.922
2 0.922067 2.88155 5.39835 60.8907 351.87
3 0.91633 2.869 5.39856 60.643 351.693
4 0.924861 2.90278 5.39923 58.9348 351.87
5 0.919665 2.86447 5.39799 60.8194 351.854
6 0.914143 2.8801 5.39976 61.409 351.726
7 0.922161 2.8732 5.3991 62.355 351.73
8 0.916285 2.87553 5.3959 59.9149 352.009
10 0.914168 2.87351 5.39884 60.8621 351.723
9 0.914232 2.87511 5.40036 60.6562 351.615
11 0.921401 2.8743 5.39661 61.3621 351.914
12 0.917374 2.85174 5.39703 63.5602 351.808
13 0.917694 2.85924 5.39677 62.5214 351.931
14 0.918558 2.88589 5.39337 59.5963 352.182
15 0.920458 2.85754 5.39628 62.8248 351.919
