0 0.944943 3.22385 5.03385 39.2622 403.51
1 0.944943 3.22385 5.03385 39.2622 403.51
2 0.949999 3.22807 5.04026 39.0024 403.265
3 0.942942 3.22443 5.03663 39.0374 403.361
4 0.951146 3.24106 5.04019 40.5476 403.209
5 0.951177 3.25108 5.04167 38.4386 403.241
6 0.944278 3.25722 5.037 36.5182 403.509
7 0.952477 3.26881 5.03779 37.1753 403.296
8 0.948185 3.26842 5.04194 37.2227 403.12
9 0.943451 3.24411 5.03955 37.6418 403.189
10 0.944927 3.26824 5.04334 37.0847 403.128
11 0.950835 3.25771 5.04357 38.4845 402.844
12 0.949291 3.23473 5.04136 40.2501 403.068
13 0.94659 3.24986 5.04422 38.901 402.873
14 0.947825 3.22746 5.03925 39.7538 403.546
15 0.948958 3.21795 5.04171 40.5238 402.934
