0 0.975285 3.38467 5.30808 30.2912 446.505
1 0.975285 3.38467 5.30808 30.2912 446.505
3 0.969773 3.39328 5.30915 29.3114 446.556
2 0.973161 3.35954 5.30681 31.6147 446.68
4 0.972371 3.36611 5.3096 31.0555 446.709
5 0.974049 3.34848 5.30708 32.8814 446.583
6 0.962283 3.39383 5.30947 28.8696 446.496
7 0.970462 3.39628 5.30661 28.7691 446.68
8 0.966221 3.39785 5.30635 28.7706 446.823
9 0.963043 3.38551 5.30918 29.0274 446.648
10 0.973206 3.37178 5.30768 30.7487 446.513
11 0.971977 3.37298 5.30616 31.2891 446.74
12 0.969461 3.37476 5.30963 29.9447 446.509
13 0.972835 3.40188 5.30782 29.0602 446.714
14 0.971653 3.39615 5.30869 28.862 446.748
15 0.977101 3.36587 5.30652 31.5291 446.578
