0 0.836883 2.84502 5.32737 87.3522 403.16
1 0.836883 2.84502 5.32737 87.3522 403.16
2 0.842779 2.84138 5.33106 87.6565 403.179
3 0.83481 2.8553 5.33095 87.3322 402.774
4 0.836166 2.826 5.33288 89.6068 402.958
5 0.840745 2.84833 5.32998 86.6214 403.306
6 0.837938 2.86969 5.33427 84.742 402.791
7 0.848155 2.84676 5.33016 85.9535 403.352
8 0.836677 2.83774 5.32746 88.1327 403.538
9 0.83628 2.84789 5.33012 86.336 402.917
10 0.835679 2.84759 5.33456 86.4482 402.568
11 0.843512 2.84903 5.32799 86.8001 403.645
12 0.837716 2.84106 5.32812 87.9923 403.269
13 0.839492 2.85823 5.33201 86.9038 402.804
14 0.840549 2.8469 5.3306 85.9442 403.004
15 0.841765 2.83382 5.32998 87.5742 403.302
