0 0.949484 3.53427 5.26502 37.0523 447.256
1 0.949484 3.53427 5.26502 37.0523 447.256
4 0.950083 3.54048 5.26138 36.1202 447.509
2 0.944404 3.52384 5.25849 38.0242 447.654
3 0.943395 3.54459 5.26289 35.3428 447.168
5 0.951391 3.53821 5.26532 35.7323 446.996
6 0.934652 3.531 5.26327 36.0174 447.121
7 0.947947 3.52313 5.26 36.6311 447.607
8 0.941311 3.5387 5.26347 35.0381 447.49
9 0.937439 3.55282 5.26799 36.3281 446.544
10 0.941893 3.52879 5.2579 35.4234 447.096
11 0.948618 3.53668 5.26596 35.5687 447.098
12 0.944354 3.55053 5.26822 36.282 446.698
13 0.945869 3.53144 5.26204 34.85 447.258
14 0.945068 3.54452 5.26592 35.7314 446.922
15 0.953867 3.53646 5.25705 36.0734 447.699
