0 0.985358 3.70095 5.51826 17.0319 518.839
1 0.985358 3.70095 5.51826 17.0319 518.839
2 0.987952 3.69559 5.51495 17.6496 519.208
3 0.979878 3.72005 5.51729 15.1535 518.844
4 0.990756 3.71133 5.51698 16.6048 519.097
6 0.981158 3.71476 5.51902 16.4721 518.875
5 0.985946 3.70305 5.51767 16.4329 518.956
7 0.989344 3.70917 5.51587 16.0763 519.148
8 0.979076 3.71049 5.51635 16.2018 519.018
9 0.979231 3.70375 5.51876 15.8703 518.87
10 0.979827 3.70497 5.51624 16.7136 518.919
11 0.986442 3.71173 5.51689 16.6233 518.98
12 0.986966 3.70388 5.51811 16.3955 519.009
13 0.981831 3.69539 5.51924 16.9319 518.772
14 0.984354 3.71583 5.51755 16.3493 518.995
15 0.992766 3.69601 5.51485 17.2342 519.037
