1 0.988844 4.12368 5.49661 9.44627 732.791
0 0.988844 4.12368 5.49661 9.44627 732.791
2 0.994862 4.11823 5.49554 9.60482 732.845
3 0.985133 4.13096 5.49913 9.47061 731.77
4 0.989962 4.13462 5.49743 9.27012 732.487
5 0.989103 4.11525 5.49611 9.85723 732.432
6 0.985132 4.12841 5.49684 9.55296 732.236
7 0.991342 4.13686 5.49923 9.31475 732.054
9 0.981526 4.12254 5.49344 9.40737 732.345
8 0.978311 4.14581 5.50258 9.10683 730.988
10 0.981617 4.12207 5.49572 9.38215 732.133
11 0.988198 4.11892 5.49877 9.84852 731.876
12 0.988449 4.13503 5.4961 9.43909 732.285
13 0.98669 4.10273 5.4918 10.0285 733.096
14 0.988338 4.124 5.49196 9.60177 732.784
15 0.990902 4.11027 5.49882 9.93347 732.176
