0 0.961859 3.64563 5.48203 25.7847 566.575
1 0.961859 3.64563 5.48203 25.7847 566.575
3 0.957633 3.64444 5.47875 25.1483 566.801
2 0.965703 3.63147 5.47627 26.6435 567.303
4 0.96167 3.64497 5.47649 26.1294 566.82
5 0.965416 3.64078 5.47672 26.9681 567.205
6 0.953775 3.64169 5.47645 25.1768 567.122
7 0.967512 3.64495 5.47747 26.3365 567.016
8 0.957208 3.6492 5.47492 24.9519 567.208
9 0.958347 3.65309 5.47445 25.2054 566.993
10 0.95877 3.65471 5.48143 25.5993 566.466
11 0.963817 3.6623 5.4758 25.6105 566.848
12 0.961744 3.64244 5.47825 26.4846 566.679
13 0.964148 3.64784 5.47709 25.833 566.978
14 0.959719 3.64542 5.47936 26.2095 566.573
15 0.967719 3.65709 5.47708 25.4541 566.776
