0 0.850189 2.47541 5.04311 94.5443 336.703
1 0.850189 2.47541 5.04311 94.5443 336.703
2 0.851048 2.46912 5.03832 94.9555 337.08
3 0.848299 2.50068 5.0442 92.6064 336.548
5 0.854677 2.47943 5.048 95.3253 336.444
4 0.84912 2.46104 5.03899 96.3413 337.004
6 0.846122 2.46285 5.04412 95.865 336.509
7 0.850981 2.47238 5.03674 95.3511 337.086
8 0.850211 2.49007 5.0428 93.3733 336.683
10 0.84524 2.46902 5.04002 93.8859 336.852
9 0.848266 2.47883 5.04912 94.3644 336.351
11 0.852028 2.50216 5.04063 93.7039 337.013
12 0.850268 2.47449 5.04261 94.4658 336.671
13 0.851487 2.47731 5.03911 93.5713 336.924
15 0.849043 2.46176 5.04213 96.7296 336.721
14 0.846178 2.46352 5.04423 96.1673 336.714
