0 0.884214 2.93322 5.43785 68.2537 472.462
1 0.884214 2.93322 5.43785 68.2537 472.462
2 0.889774 2.91794 5.43875 69.3061 472.493
3 0.885037 2.92587 5.43776 66.8855 472.675
4 0.883643 2.91307 5.43473 70.2973 472.639
6 0.879011 2.90576 5.43722 68.7441 472.726
5 0.885124 2.89654 5.43549 71.2365 472.86
7 0.889171 2.9283 5.43942 69.5694 472.431
8 0.881667 2.92298 5.43636 67.4497 472.931
9 0.878064 2.93794 5.43792 66.4573 472.455
10 0.885801 2.93224 5.43691 67.5348 472.709
11 0.885101 2.89965 5.43811 72.4781 472.396
12 0.883831 2.91286 5.43718 69.0168 472.773
14 0.884658 2.91898 5.43546 68.7303 472.824
13 0.884099 2.9164 5.43817 69.9177 472.51
15 0.887206 2.90818 5.43877 70.5499 472.374
