0 0.961393 3.59312 5.21266 26.8707 452.181
1 0.961393 3.59312 5.21266 26.8707 452.181
2 0.962961 3.59477 5.21819 27.434 452.015
3 0.964599 3.61955 5.21832 26.2895 451.58
4 0.970366 3.59776 5.21312 27.9052 452.12
5 0.963949 3.58887 5.21619 27.3899 452.177
7 0.969152 3.5862 5.21105 27.2813 452.284
6 0.959142 3.6058 5.21533 26.5869 451.921
8 0.962368 3.61806 5.21245 24.61 452.383
9 0.962863 3.58971 5.21091 27.6423 452.414
10 0.9622 3.60303 5.20773 26.4113 452.427
11 0.970351 3.60614 5.21464 26.6154 452.215
13 0.966235 3.59876 5.21235 27.5031 451.923
12 0.963478 3.59056 5.2157 27.1425 452.123
14 0.966736 3.61751 5.21675 26.6139 451.591
15 0.968284 3.59604 5.21184 27.4379 452.484
