0 0.945208 3.30041 -nan 39.7977 405.566
1 0.945208 3.30041 -nan 39.7977 405.566
2 0.947992 3.29021 5.41046 39.242 406.088
3 0.941249 3.29905 5.41074 38.6024 405.73
4 0.942547 3.29329 5.40977 39.9991 406.139
5 0.945136 3.29325 5.41445 40.7584 405.661
6 0.933624 3.27251 5.41317 40.3493 405.659
7 0.940164 3.27089 5.40925 40.4269 406.138
8 0.937457 3.29095 5.40801 38.9207 406.106
9 0.939167 3.2988 5.40934 38.5527 405.508
10 0.94125 3.30076 5.40929 40.4693 405.767
13 0.941624 3.27371 5.40699 41.7846 406.179
12 0.940354 3.26761 5.40675 39.1723 406.241
11 0.94682 3.28867 5.4088 39.9238 405.979
14 0.947904 3.29951 5.4097 40.2993 405.933
15 0.944992 3.27003 5.40711 41.0865 406.1
