0 0.974757 3.45092 5.018 23.9676 408.758
1 0.974757 3.45092 5.018 23.9676 408.758
2 0.988446 3.45697 5.0217 23.7767 408.644
3 0.984224 3.47938 5.01519 22.7726 408.417
4 0.978721 3.45838 5.02261 24.1608 408.565
5 0.984724 3.44851 5.01787 25.1922 408.674
6 0.970388 3.46935 5.0179 23.2624 408.704
7 0.980742 3.47201 5.01654 22.636 409.044
9 0.967946 3.46304 5.02467 23.329 408.546
10 0.974221 3.47099 5.02281 22.9715 408.372
8 0.972324 3.4626 5.01769 22.7442 409.309
11 0.980226 3.48269 5.01936 23.3225 408.441
12 0.978684 3.43137 -nan 25.6311 409.485
13 0.983522 3.45031 5.01589 23.9462 409.212
14 0.987166 3.46396 5.01939 23.9021 408.864
15 0.987903 3.42914 5.01591 25.4776 408.719
