0 0.933082 3.12336 4.96235 46.7874 409.075
1 0.933082 3.12336 4.96235 46.7874 409.075
2 0.933183 3.10549 -nan 49.7734 409.413
3 0.930441 3.14671 4.96265 47.1376 409.32
4 0.93691 3.13364 4.96597 47.828 408.653
5 0.932477 3.12096 4.96026 47.6498 409.318
6 0.925847 3.12348 4.95794 46.7101 409.931
7 0.936127 3.13134 4.95492 46.1013 410.128
8 0.929213 3.16195 4.96672 44.8781 408.485
9 0.925119 3.11313 4.96273 47.8921 409.269
10 0.929767 3.115 4.96062 46.8754 409.472
11 0.93504 3.12956 4.96432 46.8814 409.098
12 0.931668 3.11518 4.96074 48.6858 409.33
13 0.937522 3.14301 4.96117 46.7947 409.615
14 0.931564 3.1343 4.96261 46.4448 409.529
15 0.936681 3.09496 4.95891 49.2374 409.461
