0 0.985009 4.11621 5.5366 9.24784 727.061
1 0.985009 4.11621 5.5366 9.24784 727.061
3 0.986554 4.11823 5.53415 9.31946 726.943
2 0.99047 4.11325 -nan 9.45257 727.289
4 0.982363 4.10789 5.53621 9.45623 726.946
5 0.994292 4.11425 5.53287 9.51042 727.404
6 0.979655 4.129 5.53977 9.10425 726.579
7 0.992548 4.11603 5.53374 9.32944 727.395
8 0.981453 4.12614 5.53911 9.1814 726.619
9 0.979756 4.11527 5.53861 9.27281 726.59
11 0.990987 4.11323 5.53478 9.50394 727.334
12 0.988281 4.10967 5.53411 9.44989 727.675
10 0.977018 4.1221 5.5387 9.07219 726.705
13 0.98341 4.1146 5.53599 9.37187 727.191
15 0.991639 4.10522 5.53639 9.60575 727.045
14 0.985845 4.12669 5.53837 9.28736 726.606
