0 0.820274 2.42667 5.30494 106.464 323.809
1 0.820274 2.42667 5.30494 106.464 323.809
2 0.824197 2.44465 5.3036 104.869 323.779
3 0.818554 2.43369 5.30448 104.439 323.842
4 0.818376 2.4385 5.3041 105.256 323.856
5 0.817236 2.42974 5.30787 105.584 323.799
6 0.807563 2.43857 5.30704 103.915 323.559
7 0.824042 2.43103 5.304 106.72 323.829
8 0.817978 2.43228 5.30299 103.458 323.864
9 0.81334 2.43874 5.30352 104.146 323.75
10 0.819042 2.43363 5.30434 103.744 323.98
11 0.816203 2.42115 5.30321 105.743 323.954
12 0.819641 2.42773 5.30248 104.097 324.148
14 0.8175 2.44561 5.30466 102.838 323.873
13 0.820851 2.42897 5.30199 104.817 324.057
15 0.819866 2.42322 5.30438 106.409 323.706
