0 0.9573 3.1586 5.54706 39.8587 376.894
1 0.9573 3.1586 5.54706 39.8587 376.894
2 0.960993 3.14925 5.54657 41.9427 376.864
3 0.95947 3.16646 5.54242 39.5675 377.066
4 0.957549 3.1397 5.54375 42.6436 377.029
5 0.956395 3.15256 5.54436 41.2308 376.939
6 0.948735 3.15666 5.5475 40.839 376.795
7 0.964209 3.14505 5.54121 40.5281 377.22
8 0.951057 3.15753 5.54648 40.3155 376.857
9 0.947592 3.15757 5.5467 39.3754 376.865
10 0.953269 3.16202 5.54402 39.8192 377.031
11 0.956244 3.15558 5.54415 40.7846 377.009
13 0.957916 3.15003 5.54592 41.4653 376.867
12 0.957683 3.16225 5.54521 40.8576 376.925
14 0.954005 3.14842 5.54534 41.2317 376.913
15 0.962165 3.15279 5.54499 41.2475 376.92
