0 0.870873 2.74009 5.52113 87.8725 384.699
1 0.870873 2.74009 5.52113 87.8725 384.699
2 0.869774 2.73551 5.51232 88.3438 384.843
3 0.868116 2.75768 5.52148 85.2436 384.661
4 0.868133 2.73869 5.52198 90.0924 384.868
5 0.881163 2.76063 5.51899 84.7006 384.986
6 0.864607 2.74418 5.52065 87.0514 384.739
7 0.870267 2.73632 5.51977 88.1219 384.879
8 0.869233 2.76306 5.51197 84.8576 384.901
9 0.869267 2.73931 5.52148 87.2969 384.797
10 0.866676 2.75885 5.52099 85.803 384.704
11 0.879006 2.76046 5.5162 86.2672 384.859
12 0.869987 2.73988 5.51708 86.5206 384.983
13 0.8755 2.74375 5.50926 87.3197 385.013
14 0.870504 2.74401 5.52086 87.8417 384.611
15 0.874401 2.74901 5.52105 88.0728 384.72
