0 0.94983 2.99584 5.2907 44.8805 324.031
1 0.94983 2.99584 5.2907 44.8805 324.031
2 0.956931 3.00629 5.2889 44.1191 324.274
3 0.952996 3.01061 5.2895 44.117 324.138
4 0.950409 3.01195 5.29403 44.3955 323.942
5 0.953722 2.9814 5.28873 46.2011 323.864
6 0.947051 2.99169 5.28941 45.2455 324.044
7 0.95739 3.01189 5.28581 45.0926 324.192
9 0.945049 3.00522 5.29226 44.0241 323.983
8 0.949466 3.01399 5.2865 43.0506 324.223
11 0.954783 3.0172 5.29214 43.6961 324.02
10 0.947102 2.99208 5.2885 46.3927 324.031
12 0.948825 2.9983 5.28558 45.1572 324.274
13 0.952999 2.99718 5.29008 45.2465 324.094
14 0.949906 3.0182 5.28986 44.4003 324.236
15 0.955465 2.97231 5.29074 47.2281 324.031
