0 0.881208 2.85033 5.34192 72.9806 337.176
1 0.881208 2.85033 5.34192 72.9806 337.176
2 0.88414 2.86237 5.3394 70.6202 337.392
3 0.884129 2.8612 5.34025 71.3827 337.299
4 0.883244 2.84818 5.33705 73.0969 337.606
5 0.881422 2.83449 5.33782 73.8938 337.525
6 0.874836 2.85316 5.34224 71.4559 337.108
7 0.883991 2.85496 5.34141 71.9681 337.171
8 0.875121 2.87218 5.33903 68.9114 337.381
9 0.878868 2.85721 5.34172 71.8823 337.181
10 0.873448 2.85191 5.34077 71.8198 337.131
11 0.881612 2.82813 -nan 72.8584 337.545
12 0.877696 2.82774 5.34292 74.1617 336.979
13 0.880564 2.8514 5.34025 72.9326 337.324
14 0.879116 2.8629 5.33946 71.4745 337.308
15 0.888948 2.83755 5.33949 74.5999 337.32
