0 0.723382 2.68597 5.14863 143.178 496.601
1 0.723382 2.68597 5.14863 143.178 496.601
2 0.72135 2.66965 5.15201 144.381 496.366
3 0.719223 2.68026 5.15215 143.348 496.261
5 0.725921 2.67393 5.15507 146.268 495.784
4 0.726752 2.68025 5.14909 143.362 496.547
6 0.719019 2.68782 5.15298 141.554 496.158
7 0.729084 2.69345 5.15022 143.219 496.223
8 0.717718 2.69788 5.15476 141.356 495.751
9 0.722585 2.70236 5.15179 140.655 496.124
10 0.720918 2.67481 5.14573 142.974 497.156
11 0.721989 2.66479 5.1473 143.861 496.801
12 0.72296 2.66952 5.14966 145.328 496.633
13 0.719931 2.667 5.15598 146.23 495.574
14 0.720891 2.68326 5.15132 142.806 496.205
15 0.726602 2.69171 5.15174 143.237 496.221
