0 0.903451 2.89862 5.45176 65.2263 376.026
1 0.903451 2.89862 5.45176 65.2263 376.026
2 0.906315 2.90399 5.44958 66.8272 375.977
3 0.904006 2.9113 5.45057 64.8074 375.826
4 0.905131 2.91572 5.44747 64.3934 376.151
5 0.905297 2.91224 5.45073 63.8984 376.077
6 0.901982 2.93333 5.45411 61.7396 375.764
7 0.910551 2.90938 5.44576 63.8873 376.339
8 0.896581 2.90799 5.45416 64.8895 375.809
9 0.900252 2.90123 5.44975 64.5888 376.066
10 0.897921 2.89574 5.45025 64.7892 376.004
11 0.907473 2.92352 5.45071 64.2105 376.024
12 0.907528 2.90417 5.44548 64.5641 375.944
13 0.909731 2.91568 5.44487 63.8273 376.079
14 0.913213 2.92804 5.44622 62.8294 376.247
15 0.906888 2.89172 5.45053 65.48 375.877
