0 0.693898 2.42876 5.07461 158.52 397.512
1 0.693898 2.42876 5.07461 158.52 397.512
2 0.69555 2.43466 5.07601 158.22 397.362
3 0.695722 2.43874 5.07663 158.193 397.032
4 0.694738 2.44322 5.07862 159.411 396.978
5 0.696905 2.44234 5.0773 159.304 396.652
6 0.688279 2.44286 5.08032 157.85 396.744
7 0.697775 2.43134 5.07717 158.908 397.2
8 0.693869 2.45348 5.06985 157.635 397.176
9 0.698005 2.47691 5.0766 155.279 397.113
10 0.692653 2.47594 5.08474 156.131 396.337
11 0.697951 2.44632 5.07269 157.843 397.047
12 0.696976 2.46133 5.07626 156.036 396.647
13 0.699038 2.45059 5.07184 158.603 397.351
14 0.693436 2.44678 5.07747 156.564 396.604
15 0.697866 2.45651 5.0823 157.827 396.552
