0 0.987745 3.62344 5.23792 18 437.115
1 0.987745 3.62344 5.23792 18 437.115
2 0.990691 3.60331 5.23703 18.4213 437.047
3 0.978907 3.64168 5.23858 16.8914 436.892
4 0.983059 3.63089 5.23625 17.056 437.292
5 0.984084 3.60235 5.23389 18.3625 437.517
6 0.977057 3.60333 5.23399 17.6603 437.5
7 0.988166 3.60299 5.23304 17.8321 437.416
9 0.972812 3.61725 5.23543 17.057 437.253
8 0.979513 3.62156 5.23883 17.7556 436.95
10 0.984692 3.59907 5.23586 18.7631 437.29
11 0.980504 3.61639 5.23149 17.4912 437.568
12 0.980475 3.60406 5.23737 18.0599 437.097
13 0.981461 3.61585 5.23684 17.8214 437.023
14 0.980651 3.63333 5.23435 16.8756 437.406
15 0.989522 3.60617 5.23713 18.0108 437.112
