0 0.939345 3.41865 5.24481 44.6379 502.408
1 0.939345 3.41865 5.24481 44.6379 502.408
2 0.940268 3.41907 5.24022 44.331 502.571
3 0.934272 3.43044 5.23845 41.2826 502.75
4 0.93797 3.39889 5.23675 44.7385 503.042
5 0.93773 3.40245 5.23732 44.6416 502.759
6 0.931792 3.40672 5.23932 44.4351 502.936
7 0.935918 3.39655 5.24115 46.412 502.776
8 0.934626 3.42826 5.2445 43.2929 502.07
9 0.930243 3.40101 5.24299 45.2401 502.296
10 0.934866 3.39217 5.23967 44.8762 502.766
11 0.936189 3.40279 5.23432 44.7943 503.68
12 0.939693 3.403 5.24051 45.589 502.548
14 0.940689 3.4149 5.24014 44.4887 502.576
13 0.937997 3.41045 5.23679 43.7085 502.785
15 0.943164 3.4046 5.23838 44.4193 502.946
