0 0.965382 3.51929 5.3666 28.9375 502.332
1 0.965382 3.51929 5.3666 28.9375 502.332
2 0.967765 3.50973 5.36261 28.1313 502.69
3 0.961303 3.53996 5.36415 27.2528 502.593
4 0.966111 3.51626 5.36829 28.9985 502.652
6 0.956967 3.54322 5.36673 26.7681 502.288
5 0.967253 3.51148 5.36634 28.0146 502.468
7 0.962675 3.52538 5.36976 27.715 502.338
8 0.957168 3.51659 5.36859 27.5168 502.591
9 0.958639 3.5237 5.36548 26.2635 502.522
10 0.965468 3.50349 5.36443 28.8913 502.539
11 0.966538 3.51865 5.37144 28.6033 502.311
12 0.962768 3.51715 5.36952 28.6676 502.39
13 0.967455 3.5157 5.36488 28.9509 502.389
14 0.962936 3.53175 5.36519 27.6931 502.282
15 0.969492 3.50626 5.36868 29.6093 502.274
