0 0.957296 3.05511 5.44076 42.0582 362.084
1 0.957296 3.05511 5.44076 42.0582 362.084
2 0.965535 3.04656 5.43204 41.6105 362.312
3 0.95348 3.05515 5.43988 41.8875 361.951
4 0.962907 3.04057 5.43623 42.1762 362.209
5 0.963997 3.04423 5.43703 42.9251 362.363
6 0.956353 3.06146 5.44044 39.3394 362.108
7 0.957306 3.05887 5.43721 40.8577 362.345
8 0.961107 3.06554 5.43743 41.15 362.216
9 0.952549 3.05077 5.44271 41.6306 361.868
10 0.955976 3.06148 5.43893 41.1328 361.925
11 0.963226 3.04177 5.4363 41.6154 362.214
12 0.964808 3.06509 5.42991 41.146 362.339
13 0.962285 3.03684 5.44115 41.419 362.186
14 0.960047 3.06238 5.43782 41.1456 362.184
15 0.96785 3.05012 5.4348 42.0301 362.087
