1 0.96937 3.26344 5.23046 34.5703 423.539
0 0.96937 3.26344 5.23046 34.5703 423.539
2 0.977441 3.27261 -nan 34.3149 423.816
3 0.969994 3.2865 -nan 31.4783 423.338
4 0.971487 3.27683 5.23263 32.9977 423.267
5 0.971554 3.27468 5.23173 33.237 423.39
6 0.965214 3.2838 5.22153 32.4566 423.454
7 0.971878 3.27171 5.2304 33.5533 423.531
8 0.963065 3.28926 5.22352 32.5931 423.232
10 0.969839 3.30548 -nan 31.2376 422.817
9 0.959548 3.2497 5.2271 34.7061 423.357
11 0.971211 3.26787 5.21829 33.5317 423.964
12 0.970572 3.25184 5.22604 34.6627 423.923
13 0.975068 3.28384 5.223 32.9865 422.939
15 0.973969 3.2691 5.22743 34.267 422.849
14 0.967584 3.28212 5.22901 32.8488 423.43
