0 0.965761 3.62414 5.18072 26.4041 461.866
1 0.965761 3.62414 5.18072 26.4041 461.866
2 0.974352 3.64496 5.17354 24.823 462.382
4 0.967885 3.60755 5.17879 26.8251 462.766
3 0.966898 3.63072 5.17968 25.5149 462.544
5 0.964249 3.61576 5.18541 28.6155 461.827
6 0.962711 3.63124 5.17921 25.5615 462.357
7 0.964969 3.59763 5.1754 27.8984 462.638
8 0.960651 3.62986 5.18147 25.2328 462.453
9 0.95779 3.61315 5.18115 27.0774 462.244
12 0.964131 3.62033 5.17707 26.3356 462.617
10 0.964401 3.60767 5.1734 26.9443 462.966
11 0.968051 3.63262 5.18289 27.3126 461.848
13 0.96848 3.62765 5.18019 26.6775 462.188
15 0.970188 3.62716 5.17793 26.9686 462.207
14 0.964988 3.61463 5.17312 25.6343 463.344
