0 0.986363 3.96471 5.54666 12.7067 638.165
2 0.991694 3.98023 5.54766 11.7879 638.054
1 0.986363 3.96471 5.54666 12.7067 638.165
4 0.986178 3.98805 5.54689 11.7942 637.998
3 0.981454 3.97929 5.54951 12.0766 637.921
5 0.989709 3.9727 5.54842 12.2641 638.07
6 0.979391 3.9829 5.54985 11.7418 638.037
7 0.989303 3.95829 5.53951 12.3161 638.798
8 0.982895 3.9896 -nan 11.4038 638.157
10 0.985739 3.98997 5.54803 11.4296 638.072
9 0.981398 3.99249 5.54781 11.8644 637.603
12 0.990062 3.96721 5.54302 11.7294 638.939
11 0.987525 3.98743 5.54886 12.2863 637.749
13 0.989267 3.97832 5.54593 12.0722 638.573
14 0.990791 3.98429 5.54782 11.7261 638.08
15 0.992501 3.98985 5.5471 11.9674 637.732
