0 0.881026 2.99493 5.27929 69.7248 392.586
1 0.881026 2.99493 5.27929 69.7248 392.586
2 0.88468 3.0228 5.28292 69.3378 392.079
3 0.882382 3.02013 5.27874 67.2649 392.495
4 0.88669 3.01881 5.28041 68.3037 392.528
5 0.887442 2.98779 5.27949 69.8972 392.425
6 0.875903 3.01006 5.27651 66.9642 392.668
7 0.889815 3.03255 5.27528 67.2519 392.688
8 0.880951 2.99539 5.27709 66.8963 392.796
9 0.87787 3.01573 5.27503 65.9564 392.788
10 0.879089 3.00149 5.27871 68.8601 392.569
11 0.887883 3.0206 5.278 68.4698 392.391
12 0.88743 3.02303 5.28236 67.7442 392.185
13 0.881295 2.99996 5.27652 68.6004 392.778
14 0.882956 3.01435 5.28268 68.4587 392.523
15 0.887602 2.98535 5.28022 70.6017 392.279
