0 0.972406 3.63583 5.14564 21.9804 408.511
1 0.972406 3.63583 5.14564 21.9804 408.511
2 0.972885 3.64262 5.14529 21.424 408.834
3 0.974092 3.65575 5.14422 19.9424 408.786
4 0.972741 3.65635 5.1487 21.4655 408.451
6 0.961365 3.64375 5.14794 22.055 408.401
5 0.975019 3.64208 5.14269 21.5712 408.768
7 0.975378 3.63887 5.14584 21.9085 408.656
8 0.968178 3.64563 5.13973 21.4005 408.756
9 0.9662 3.63302 5.14849 21.9547 408.387
11 0.973072 3.65758 5.14584 21.0481 408.588
10 0.972292 3.64497 5.1406 20.6326 408.847
12 0.976171 3.64432 5.14414 21.6417 408.649
13 0.9717 3.64222 5.14478 21.25 408.519
14 0.969244 3.65452 5.14853 21.2843 408.364
15 0.974777 3.63489 5.14394 21.9378 408.764
