0 0.95907 3.55381 5.43052 28.144 555.411
1 0.95907 3.55381 5.43052 28.144 555.411
2 0.963135 3.56376 5.42889 27.3424 555.804
3 0.95829 3.57241 5.4306 26.819 555.382
4 0.962681 3.56955 5.43193 27.0503 555.419
5 0.963887 3.56079 5.42591 27.0563 555.832
6 0.955355 3.57547 5.43018 26.7469 555.532
7 0.96591 3.56457 5.42609 27.8575 555.83
8 0.956114 3.57839 5.42827 25.1377 555.707
9 0.955943 3.55912 5.42671 26.3482 556.011
10 0.959999 3.56463 5.42873 27.3336 555.823
11 0.96011 3.5439 5.42718 28.8172 555.651
13 0.958178 3.53989 5.42759 28.408 555.861
12 0.96605 3.57424 5.42688 26.8456 555.747
14 0.961693 3.56306 5.42649 26.7646 556.188
15 0.964989 3.55795 5.42745 27.4146 555.794
