0 0.974391 3.34532 5.42832 29.2257 416.775
1 0.974391 3.34532 5.42832 29.2257 416.775
2 0.981194 3.33991 5.42623 29.9185 416.921
3 0.971864 3.36017 5.42449 28.3443 416.864
4 0.974522 3.32503 5.42727 31.461 416.811
6 0.968105 3.33944 5.42637 29.7307 416.716
5 0.978298 3.3115 5.42431 31.1561 416.931
7 0.984509 3.33261 5.42324 30.5974 417.009
8 0.968929 3.33205 5.42648 30.09 416.692
9 0.966588 3.34929 5.42546 27.751 416.788
10 0.974539 3.34454 5.42428 29.0729 416.938
11 0.978221 3.34457 5.42404 30.1772 416.974
12 0.976551 3.33244 5.42511 29.911 416.911
13 0.976202 3.33569 5.42562 30.5758 416.793
14 0.973679 3.34485 5.4247 29.7946 416.976
15 0.982322 3.32474 5.42686 30.9868 416.674
