1 0.969482 3.48521 5.41123 25.38 445.594
0 0.969482 3.48521 5.41123 25.38 445.594
2 0.970954 3.47897 5.4109 24.2399 445.84
4 0.967866 3.48214 5.41067 25.5216 445.534
3 0.965725 3.46791 5.41206 26.1956 445.599
6 0.964609 3.47398 5.40582 25.5906 445.951
7 0.976526 3.4873 5.40557 25.0695 446.043
5 0.970647 3.47698 5.41473 25.2018 445.706
8 0.962961 3.47596 5.41247 25.7624 445.771
9 0.967825 3.48485 5.40652 25.4439 445.921
10 0.96697 3.49045 5.41137 25.5548 445.664
11 0.969033 3.48529 5.41063 25.0117 445.927
12 0.965836 3.49384 5.40869 24.6317 445.514
13 0.975344 3.48983 5.41194 24.0054 445.721
14 0.970657 3.476 5.40237 26.1654 445.827
15 0.972763 3.47231 5.40979 25.529 445.814
