0 0.686436 2.14387 5.49389 262.841 387.223
1 0.686436 2.14387 5.49389 262.841 387.223
2 0.692057 2.16388 5.48871 261.042 387.589
3 0.6867 2.15016 5.49556 262.062 387.164
4 0.690536 2.13241 5.49186 264.911 387.37
5 0.694948 2.15395 5.49284 263.445 387.338
6 0.68991 2.16216 5.49367 258.808 387.381
7 0.692197 2.14193 5.49151 264.59 387.487
8 0.68538 2.15805 5.49117 261.762 387.296
9 0.684255 2.14289 5.49417 262.979 387.356
10 0.689663 2.16313 5.4887 261.253 387.139
12 0.694481 2.15493 5.49225 262.626 387.507
11 0.70035 2.14613 5.48705 263.246 387.671
14 0.690948 2.16009 5.48881 260.534 387.306
13 0.694831 2.15484 5.488 263.313 387.452
15 0.694883 2.13859 5.49194 263.172 387.47
