0 0.964551 3.7626 5.23623 24.6138 631.093
1 0.964551 3.7626 5.23623 24.6138 631.093
2 0.968734 3.7612 5.23521 24.8336 631.82
3 0.965113 3.76164 5.23611 23.8878 631.443
4 0.96558 3.74121 5.23111 24.6061 632.525
6 0.956416 3.76401 5.23641 24.4129 631.838
5 0.966309 3.75249 5.23618 25.5062 631.537
7 0.965703 3.76189 5.23406 24.6474 631.224
8 0.961608 3.76511 5.23522 23.8177 632.176
10 0.961894 3.76236 5.23509 24.1214 631.939
9 0.961247 3.75727 5.23424 24.6326 631.927
12 0.97035 3.76682 5.23323 23.701 631.766
11 0.963691 3.7407 5.2322 25.1162 631.857
13 0.967427 3.75344 5.2344 25.8227 631.92
14 0.962599 3.75192 5.23031 24.7982 632.319
15 0.969257 3.75435 -nan 24.951 631.51
