1 0.969942 3.36468 5.17611 34.4134 525.611
0 0.969942 3.36468 5.17611 34.4134 525.611
2 0.972709 3.4112 5.1812 32.0571 525.106
3 0.968861 3.40651 5.17872 31.1654 525.539
4 0.968501 3.40574 5.18217 32.6459 525.508
6 0.963678 3.37647 5.17468 33.1935 526.205
5 0.968017 3.34276 5.18359 35.4409 525.114
7 0.969924 3.36628 5.176 34.3557 525.461
8 0.964521 3.36832 5.17778 34.1299 525.831
9 0.961384 3.41322 5.1855 31.6141 524.81
11 0.965924 3.36967 5.18191 34.4481 525.407
13 0.96979 3.38357 5.18137 33.6051 525.112
10 0.96221 3.38145 5.1783 33.1432 525.634
12 0.969244 3.38253 5.18029 34.0468 524.911
14 0.964628 3.35912 5.1742 34.0756 525.706
15 0.966433 3.36905 5.17764 34.3193 525.799
