0 0.788976 2.32027 5.44663 116.847 316.156
1 0.788976 2.32027 5.44663 116.847 316.156
3 0.787378 2.31644 5.44798 117.196 316.135
2 0.789123 2.30535 5.44526 117.58 316.327
4 0.788163 2.31605 5.4465 117.891 316.055
5 0.790559 2.30528 5.44575 119.469 316.096
6 0.784581 2.32346 5.45233 115.863 315.888
7 0.794649 2.31836 5.4423 118.771 316.354
9 0.787473 2.32147 5.44715 116.756 316.2
10 0.787659 2.31779 5.44641 118.309 316.234
8 0.787939 2.32833 5.44846 116.619 316.076
11 0.793689 2.31932 5.44189 117.846 316.565
12 0.789306 2.32325 5.44649 118.813 316.08
13 0.791673 2.316 5.4446 116.8 316.222
14 0.79296 2.34098 5.4482 115.837 316.14
15 0.790634 2.31137 5.44913 118.314 316.056
