0 0.988773 3.60714 5.69225 18.1067 529.753
1 0.988773 3.60714 5.69225 18.1067 529.753
2 0.991722 3.59806 5.6941 18.1431 529.944
3 0.98153 3.6072 5.6954 17.2406 529.752
4 0.98914 3.60266 5.68646 17.5499 529.991
5 0.985651 3.5859 5.69413 17.8611 530.148
7 0.986953 3.59773 5.69531 17.5669 529.911
6 0.976311 3.59165 5.69072 17.6268 529.874
9 0.975314 3.59366 5.69399 18.1108 529.692
8 0.980042 3.60757 5.69409 17.9981 529.863
10 0.983165 3.59828 5.69102 17.8694 529.838
11 0.992344 3.60218 5.6868 18.0032 529.911
12 0.986033 3.59879 5.69369 17.7164 529.975
13 0.987846 3.58965 5.69478 18.0912 529.852
14 0.982965 3.6066 5.69341 17.2737 529.881
15 0.992387 3.59877 5.69234 17.9459 529.981
