0 0.848955 2.9064 5.377 99.6657 437.094
1 0.848955 2.9064 5.377 99.6657 437.094
2 0.857883 2.90808 5.37458 99.2905 437.215
3 0.851529 2.89773 5.37687 100.25 437.012
4 0.850124 2.87757 5.37719 101.964 437.021
5 0.851075 2.88243 5.37363 101.447 437.303
6 0.844403 2.891 5.37884 99.2675 436.918
7 0.847417 2.88119 5.37365 101.622 437.297
8 0.846258 2.90259 5.37906 99.7455 437.063
9 0.846126 2.89146 5.37996 100.385 436.858
10 0.846648 2.89418 5.37839 99.3304 436.919
11 0.85059 2.91119 5.3738 98.5233 437.288
12 0.844014 2.89737 5.37834 101.146 436.839
14 0.848152 2.89982 5.37544 99.4114 437.199
13 0.848447 2.88691 5.37334 100.583 437.213
15 0.850557 2.87193 5.37687 102.337 437.106
