0 0.947138 2.78134 5.13044 50.1717 250.365
1 0.947138 2.78134 5.13044 50.1717 250.365
2 0.95553 2.78578 5.13078 50.322 250.266
4 0.952159 2.76953 5.13276 50.7268 250.391
3 0.95345 2.79533 5.12887 48.4767 250.449
5 0.953352 2.79372 5.1322 48.2483 250.467
6 0.944818 2.80123 5.12933 47.5628 250.543
7 0.954213 2.79415 5.12728 49.4363 250.568
8 0.949864 2.80694 5.12857 47.9466 250.44
9 0.948684 2.81213 5.13026 46.4243 250.561
10 0.951388 2.7817 5.13179 49.2591 250.396
11 0.954004 2.7843 5.12731 50.1582 250.529
12 0.952194 2.80987 5.12886 48.0294 250.51
13 0.954454 2.79287 5.1304 50.1993 250.45
14 0.948646 2.80024 5.12782 48.0186 250.439
15 0.958045 2.7556 5.12487 52.6531 250.358
