0 0.96205 3.3791 5.41296 31.4025 499.262
1 0.96205 3.3791 5.41296 31.4025 499.262
3 0.959449 3.39592 5.41344 31.0834 498.967
2 0.96395 3.34874 5.41181 32.8872 499.595
4 0.963533 3.34721 5.41161 32.7335 499.525
5 0.96812 3.37004 -nan 32.7751 499.747
6 0.958514 3.36327 5.41068 31.5557 499.517
7 0.96867 3.37175 5.40592 31.9253 499.631
8 0.956167 3.37651 5.41376 31.5393 499.208
9 0.954124 3.39008 5.41407 30.378 499.189
10 0.962553 3.35696 5.41022 32.6031 499.455
11 0.962593 3.39772 5.41048 30.2638 499.468
12 0.967733 3.39387 5.41005 31.7608 499.438
13 0.961771 3.3405 5.40861 33.7967 499.777
14 0.960488 3.37517 5.41563 32.4848 499.012
15 0.970268 3.35835 5.41046 32.4794 499.532
