0 0.952575 3.31442 5.38399 35.8907 441.064
1 0.952575 3.31442 5.38399 35.8907 441.064
2 0.952507 3.33342 5.38728 36.0778 440.952
4 0.952418 3.32664 5.38514 35.1766 441.066
3 0.944066 3.32087 5.38404 36.1776 441.319
6 0.947648 3.31934 5.3817 35.4715 441.307
5 0.950956 3.31801 5.38291 36.9858 441.421
7 0.955064 3.31519 5.38669 35.2884 441.416
8 0.947664 3.33351 5.38562 35.3026 441.319
9 0.942183 3.32488 5.38468 34.5816 441.329
10 0.946798 3.33997 5.38491 34.2765 441.166
11 0.952171 3.31504 5.38129 36.1739 441.549
12 0.954297 3.32363 5.3817 35.375 441.348
13 0.950779 3.3281 5.38453 35.2344 441.225
14 0.954272 3.34068 5.38631 35.0567 441.154
15 0.953794 3.29793 5.38322 37.2593 441.392
