0 0.951208 3.06156 5.30494 43.6214 332.38
1 0.951208 3.06156 5.30494 43.6214 332.38
2 0.957118 3.06009 5.30407 42.8495 332.581
3 0.944839 3.08295 5.30877 41.2544 332.34
4 0.952587 3.05955 5.31215 44.0644 332.241
5 0.955504 3.06276 5.30741 44.2658 332.47
6 0.942388 3.0476 5.30662 43.7637 332.452
7 0.95843 3.08161 5.30439 41.1769 332.547
9 0.945994 3.0601 5.30658 43.256 332.335
8 0.948848 3.08377 5.30889 41.6547 332.299
11 0.95319 3.06395 5.30324 43.1003 332.523
10 0.947834 3.05989 5.30764 43.9434 332.385
12 0.951154 3.07618 5.30867 42.0074 332.203
13 0.953728 3.06918 5.30696 42.788 332.427
14 0.952709 3.06786 5.30465 43.0191 332.584
15 0.958209 3.04213 5.30009 44.2901 332.72
