0 0.938276 2.76216 5.1243 56.2145 276.74
1 0.938276 2.76216 5.1243 56.2145 276.74
2 0.942634 2.78349 5.1191 54.8973 276.994
3 0.935114 2.77445 5.12335 55.1006 276.908
4 0.936353 2.77593 5.12629 55.8576 276.617
5 0.93782 2.7728 5.12589 56.3918 276.625
6 0.930361 2.78785 5.12656 55.4577 276.688
7 0.942852 2.79306 5.12781 55.3636 276.637
8 0.936279 2.816 5.1239 53.0065 276.736
9 0.927857 2.78663 5.12129 54.743 276.803
10 0.934058 2.77806 5.12623 55.8392 276.82
11 0.93931 2.78875 5.1237 55.7301 276.715
12 0.93787 2.79406 5.12467 54.7519 276.903
13 0.941947 2.78735 5.11942 55.0846 277.151
14 0.933793 2.7738 5.12445 54.9658 276.78
15 0.940038 2.74915 5.12315 58.1881 276.682
