0 0.982265 3.58872 5.10088 18.2117 412.562
1 0.982265 3.58872 5.10088 18.2117 412.562
2 0.991645 3.58193 5.09894 18.931 412.818
3 0.980028 3.60034 5.10123 17.7668 412.344
4 0.98772 3.58942 5.10148 19.0521 412.573
5 0.989191 3.59434 5.10011 18.0353 412.963
7 0.983892 3.58759 5.09243 17.721 413.46
6 0.975648 3.60398 5.10084 17.1898 412.89
8 0.977731 3.59415 5.09378 17.9702 413.368
9 0.976592 3.5994 5.10116 17.7465 412.503
10 0.981948 3.58516 5.09574 18.6318 412.953
11 0.986388 3.59929 5.10174 18.2551 412.339
12 0.98609 3.57845 5.09984 18.9943 413.029
13 0.988735 3.58211 5.10163 19.0249 412.756
14 0.985613 3.60037 5.0906 18.0011 413.236
15 0.993321 3.56847 5.09492 19.6328 412.9
