0 0.984726 3.90416 5.42619 14.6922 627.882
1 0.984726 3.90416 5.42619 14.6922 627.882
2 0.99216 3.89588 5.42343 15.0565 628.421
3 0.981749 3.92329 5.42744 14.2437 627.82
4 0.985767 3.92463 5.4303 14.0104 627.739
5 0.989037 3.9123 5.42536 14.5951 628.218
6 0.977493 3.90132 5.4298 15.8159 627.645
7 0.986311 3.91785 5.42726 13.996 627.88
8 0.975677 3.9175 5.42405 13.661 628.329
9 0.980647 3.92015 5.42396 13.9186 628.288
10 0.978355 3.92203 5.43007 14.2122 627.161
11 0.989106 3.88945 5.42137 15.5501 628.646
13 0.985542 3.90964 5.42332 14.5711 628.265
12 0.986328 3.9034 5.42064 14.9573 628.509
14 0.985331 3.90277 5.4251 15.142 628.254
15 0.992597 3.9146 5.42844 14.5506 627.984
