1 0.9817 3.59662 5.23762 19.7592 432.066
0 0.9817 3.59662 5.23762 19.7592 432.066
2 0.982835 3.59637 5.23513 19.1934 432.272
3 0.977602 3.58458 5.2394 19.2759 431.945
4 0.979369 3.59285 5.24083 18.955 431.953
5 0.990551 3.58038 5.23737 21.1034 432.126
7 0.986927 3.59763 5.2346 19.6995 432.282
6 0.973271 3.59298 5.23919 18.9986 431.93
8 0.980098 3.5889 5.23714 19.9275 432.085
9 0.977064 3.59964 5.23995 18.6085 431.847
10 0.981089 3.59093 5.23988 20.0969 431.872
11 0.986902 3.61366 5.23682 18.6826 432.074
13 0.98806 3.58742 5.23764 19.5854 432.167
12 0.986431 3.6008 5.23861 19.2522 431.939
14 0.984552 3.58485 5.23908 19.5538 431.992
15 0.989619 3.57505 5.23532 20.7167 432.261
