0 0.931665 2.99348 5.47228 56.7067 487.334
1 0.931665 2.99348 5.47228 56.7067 487.334
2 0.930302 2.97546 5.47275 57.5864 487.284
3 0.923223 2.99585 5.47181 55.1247 487.504
4 0.926846 3.00128 5.46945 56.4172 487.314
7 0.927618 2.97571 5.47112 57.3527 487.464
5 0.928686 3.00142 5.47347 56.7705 487.026
6 0.916348 3.00111 5.47098 54.8796 487.052
8 0.923733 2.99521 5.47022 54.4191 487.552
9 0.919829 2.98966 5.47299 55.2049 487.351
10 0.921342 2.9979 5.47554 55.8696 486.966
11 0.924899 2.988 5.47384 57.4539 487.299
12 0.924243 2.97032 5.4709 58.2052 487.116
13 0.927729 2.99835 5.46785 56.5719 487.097
14 0.922543 2.99207 5.4748 55.3654 487.142
15 0.929726 2.98522 5.47278 57.1583 487.078
