0 0.912013 2.91638 5.19214 59.8429 347.811
1 0.912013 2.91638 5.19214 59.8429 347.811
2 0.911981 2.90564 5.19199 60.7965 347.688
3 0.912097 2.93101 5.19722 57.7559 347.302
4 0.915102 2.91878 5.19514 58.3837 347.689
5 0.910261 2.91605 5.20047 61.5369 347.418
6 0.909401 2.92046 5.19062 59.5329 347.939
7 0.916908 2.89904 5.1953 61.0132 347.729
8 0.907978 2.92259 5.19626 60.0738 347.362
9 0.906813 2.94082 5.1945 56.2462 347.413
10 0.905823 2.92168 5.19988 59.1079 347.128
11 0.917909 2.91294 5.20059 59.535 347.577
13 0.912856 2.90662 5.1931 60.9094 347.698
12 0.911756 2.90686 5.19748 59.8477 347.601
14 0.907568 2.90788 5.19619 59.4736 347.62
15 0.917124 2.89776 5.19015 60.3084 348.017
