0 0.97726 3.64956 5.30353 19.6672 454.418
1 0.97726 3.64956 5.30353 19.6672 454.418
2 0.976414 3.62221 5.30389 21.0029 454.394
3 0.976458 3.65586 5.3076 19.4611 453.881
4 0.980176 3.64385 5.30855 20.0653 454.084
6 0.966363 3.63213 5.311 20.2861 453.778
5 0.975477 3.62917 5.30614 20.9591 454.443
7 0.978772 3.63452 5.30726 20.4603 454.298
8 0.97115 3.64225 5.3091 19.5822 454.144
9 0.973711 3.63765 5.3054 19.5107 454.242
10 0.973249 3.63343 5.30813 20.3353 454.133
11 0.972816 3.66062 5.31289 18.6464 453.581
12 0.97809 3.64199 -nan 19.9181 453.663
13 0.9766 3.64323 5.30736 19.8959 454.092
14 0.976976 3.64452 5.30242 19.6548 454.577
15 0.981748 3.62206 5.30818 20.742 454.105
