0 0.939469 2.8342 5.36831 55.0965 324.497
1 0.939469 2.8342 5.36831 55.0965 324.497
2 0.939672 2.83074 5.37022 53.7868 324.408
3 0.932547 2.83939 5.37395 53.0354 324.161
4 0.940977 2.83361 5.37913 55.4681 324.364
5 0.944356 2.82252 5.37859 55.3734 324.202
6 0.930706 2.83397 5.36903 53.6725 324.383
7 0.935619 2.83326 5.37577 54.6344 324.452
8 0.93831 2.8373 5.37375 53.83 324.44
10 0.932645 2.84198 5.37947 53.4765 324.146
9 0.929054 2.85479 -nan 51.5421 324.397
11 0.941885 2.83495 5.36444 53.1345 324.624
12 0.934382 2.84568 5.37312 54.3195 324.195
14 0.935509 2.84117 5.37784 53.2354 324.367
13 0.937588 2.8417 5.37125 53.2861 324.507
15 0.944592 2.81289 5.37753 56.8653 324.207
