0 0.799047 3.0607 5.30974 97.4798 426.816
2 0.811262 3.07628 5.30882 97.7208 426.927
1 0.799047 3.0607 5.30974 97.4798 426.816
3 0.805457 3.1026 5.31083 95.5745 426.568
4 0.80751 3.07834 5.31163 95.8472 426.606
5 0.809808 3.07758 5.31119 96.6708 426.783
6 0.799103 3.08294 5.30898 95.0912 426.909
7 0.808766 3.07276 5.30961 97.633 426.96
8 0.803636 3.06977 5.30615 95.9764 427.181
9 0.802535 3.09829 5.31168 95.2287 426.474
10 0.804434 3.104 5.31303 93.9895 426.471
11 0.810498 3.07936 5.30941 95.493 426.892
12 0.803811 3.07169 5.30975 96.1805 426.948
13 0.807946 3.09832 5.30854 94.1497 426.893
14 0.809876 3.09308 5.31034 94.1341 426.967
15 0.813035 3.07293 5.30538 95.5626 427.049
