0 0.862087 2.75914 5.15321 80.2042 369.55
1 0.862087 2.75914 5.15321 80.2042 369.55
2 0.860934 2.75505 5.15312 79.8867 369.662
3 0.861469 2.74448 5.14975 80.9969 369.661
4 0.863369 2.72881 5.15094 83.4016 369.847
5 0.86323 2.74857 5.15238 80.6607 369.896
6 0.860177 2.77289 5.15028 77.5307 369.753
7 0.865415 2.7398 5.15068 81.6506 369.767
8 0.860824 2.75318 5.15324 80.5232 369.809
9 0.859302 2.76033 5.15733 79.1669 369.496
10 0.859325 2.74612 5.15364 79.9619 369.919
11 0.866983 2.77127 5.1529 79.067 369.816
12 0.861692 2.78295 5.15532 79.5178 369.478
13 0.862752 2.73225 5.14911 83.1403 369.976
14 0.862969 2.79087 5.1579 77.7949 369.706
15 0.865755 2.73598 5.14988 83.0493 370.008
