0 0.836725 2.94025 5.10898 86.4389 468.429
1 0.836725 2.94025 5.10898 86.4389 468.429
2 0.838886 2.93636 5.10668 86.4241 468.5
3 0.838401 2.93268 5.10521 84.3156 468.684
4 0.843757 2.93646 5.10843 86.1216 468.742
5 0.84335 2.93833 5.1077 85.9536 468.316
6 0.835079 2.92086 5.10082 84.4733 469.169
7 0.84225 2.92218 5.10682 87.0318 468.714
8 0.839575 2.94818 5.10942 84.6492 468.205
9 0.83462 2.92736 5.09882 83.6185 469.009
10 0.839666 2.942 5.10761 83.5454 468.496
11 0.840884 2.92245 5.10259 85.3121 468.873
12 0.841407 2.93871 5.10389 84.0255 469.086
13 0.842503 2.91084 5.09959 86.1126 469.067
14 0.838745 2.93341 5.1109 87.6419 467.878
15 0.843179 2.92625 5.11057 87.7343 468.214
