0 0.961896 2.90623 5.29363 45.3393 306.544
1 0.961896 2.90623 5.29363 45.3393 306.544
2 0.962828 2.91949 5.29228 44.0552 306.726
4 0.961421 2.91148 5.29383 44.4887 306.627
3 0.953156 2.93602 5.29595 42.6868 306.584
5 0.965039 2.93766 5.29301 42.8641 306.621
6 0.949409 2.93513 5.29368 42.5907 306.654
7 0.960816 2.92628 5.29388 43.5528 306.713
8 0.953278 2.93232 5.29414 43.0244 306.413
9 0.95355 2.94627 5.29247 41.3234 306.646
10 0.955611 2.92275 5.29291 42.9128 306.434
12 0.958064 2.9338 5.29381 43.9521 306.397
11 0.961342 2.94318 5.29147 42.7406 306.595
13 0.958663 2.9266 5.29207 43.4528 306.573
14 0.962614 2.92288 5.29574 43.8086 306.511
15 0.960325 2.91261 5.29155 45.6632 306.578
