0 0.691234 2.14081 5.65419 268.13 476.925
1 0.691234 2.14081 5.65419 268.13 476.925
2 0.688976 2.12971 5.65406 266.708 476.977
3 0.686934 2.14974 5.65555 265.785 476.827
4 0.689812 2.16476 5.65518 266.357 476.983
5 0.693367 2.12796 5.6544 269.015 477.008
6 0.684148 2.13988 5.65647 266.668 476.798
7 0.689261 2.14651 5.65445 267.644 476.933
8 0.686525 2.14676 5.65442 264.826 477.024
9 0.683684 2.14452 5.65573 263.457 476.864
10 0.690579 2.14184 5.65455 264.097 476.904
11 0.687305 2.13331 5.65497 267.974 476.941
12 0.688828 2.16517 5.6547 265.108 476.929
14 0.692043 2.16354 5.65545 264.767 476.874
13 0.692001 2.16156 5.65459 266.772 476.98
15 0.692154 2.12908 5.65661 268.9 476.819
