0 0.982166 3.59814 5.4114 19.4334 505.589
1 0.982166 3.59814 5.4114 19.4334 505.589
3 0.984634 3.62596 5.41582 18.8519 504.873
2 0.9847 3.60107 5.41122 19.1554 505.543
4 0.984434 3.59873 5.40875 20.0764 505.373
5 0.987175 3.6175 5.40959 19.1811 505.365
6 0.975013 3.6102 5.41227 19.0152 505.305
7 0.987159 3.59629 5.41351 20.219 505.172
9 0.979806 3.60515 5.41283 19.6142 505.24
8 0.977693 3.62985 5.41333 18.064 505.237
10 0.979883 3.60388 5.40995 19.2519 505.433
11 0.984291 3.62063 5.41078 18.0836 505.354
12 0.982029 3.60066 5.41262 19.8069 505.387
13 0.98556 3.59323 5.40238 20.2534 505.83
14 0.98483 3.60275 5.40895 19.6163 505.501
15 0.992572 3.61073 5.40811 19.4118 505.43
