0 0.982675 3.55686 5.43822 20.9778 502.184
1 0.982675 3.55686 5.43822 20.9778 502.184
2 0.982959 3.55551 5.44161 21.3119 502.149
3 0.977735 3.53935 5.43657 20.631 502.875
4 0.977737 3.53636 5.4375 21.8583 502.207
5 0.98114 3.51539 5.44174 23.0783 502.222
6 0.978139 3.54227 5.44024 22.2709 502.2
7 0.982342 3.53628 5.44096 21.4087 502.424
8 0.97466 3.53485 5.43963 21.5714 502.751
9 0.976576 3.54585 5.44124 21.0147 502.007
10 0.976011 3.53932 5.44096 22.2751 502.057
11 0.9851 3.54166 5.44125 21.6156 502.373
12 0.98156 3.53361 5.44142 21.9482 502.353
13 0.982896 3.51276 5.43871 22.9353 502.544
14 0.981314 3.53786 5.43986 21.2243 502.694
15 0.985207 3.51814 5.43906 22.2935 502.589
