0 0.899811 3.19911 5.27975 56.1771 445.244
1 0.899811 3.19911 5.27975 56.1771 445.244
3 0.899867 3.20244 5.2722 53.6518 446.029
2 0.905406 3.17231 5.27355 57.2694 446.033
4 0.901181 3.16576 5.27656 58.1824 445.711
5 0.904167 3.18233 5.27849 56.1967 445.439
6 0.899825 3.21325 5.27657 52.8593 445.758
7 0.908703 3.20473 5.27585 53.6766 446.102
8 0.900396 3.19407 5.27223 54.4755 446.112
9 0.895041 3.17816 5.27756 56.2531 445.68
10 0.899056 3.19476 5.28057 54.3378 445.475
11 0.906982 3.18248 5.26972 55.0807 446.314
12 0.897393 3.17515 5.27643 56.1689 446.026
13 0.906261 3.18461 5.27406 56.2055 445.78
14 0.899237 3.1869 5.27768 54.6584 445.536
15 0.909107 3.187 5.27519 55.475 445.776
