0 0.959226 3.36642 5.22173 29.0942 404.769
1 0.959226 3.36642 5.22173 29.0942 404.769
2 0.964466 3.35044 -nan 29.9359 405.452
3 0.959188 3.35665 5.21695 30.468 405.161
4 0.962739 3.34232 5.22503 30.04 404.769
6 0.955243 3.37162 -nan 30.6885 404.411
5 0.96716 3.34518 5.2168 30.9844 404.816
7 0.963417 3.36063 5.21767 30.3641 405.082
8 0.962689 3.3701 5.22123 29.3303 405.129
9 0.954265 3.35372 5.21794 30.9066 404.549
10 0.957968 3.35422 5.21742 30.0558 404.656
11 0.966081 3.36663 5.22168 29.6393 404.817
12 0.966549 3.34507 5.21557 30.6638 405.485
13 0.964251 3.33933 5.21533 29.7539 405.323
14 0.960218 3.34454 5.22119 30.1634 405.443
15 0.964885 3.35081 5.22578 31.3013 404.582
