0 0.955183 3.45562 5.31747 31.3608 553.9
2 0.957171 3.48352 5.3234 31.5722 553.129
1 0.955183 3.45562 5.31747 31.3608 553.9
4 0.957349 3.45654 5.31715 31.9592 554.311
3 0.954492 3.49251 5.3237 30.0337 553.163
6 0.952069 3.48599 5.3293 30.6819 552.399
7 0.958486 3.4642 5.32556 31.95 552.69
8 0.950562 3.47084 5.32841 31.7384 552.698
5 0.957863 3.46798 5.32949 31.5018 552.392
10 0.952291 3.46501 5.32601 31.3362 552.755
9 0.950786 3.44574 -nan 32.431 552.957
11 0.957171 3.44991 5.32717 33.2435 552.259
12 0.956216 3.45986 5.32382 32.1091 553.101
13 0.957291 3.46783 5.32922 32.0401 552.612
15 0.965665 3.43654 5.31901 33.8777 553.749
14 0.955918 3.49075 5.3235 30.2803 553.155
