0 0.928118 3.28032 5.27343 48.5164 487.378
1 0.928118 3.28032 5.27343 48.5164 487.378
3 0.923963 3.28076 5.27346 47.2454 487.491
4 0.931559 3.29166 5.2735 46.7504 487.33
2 0.93112 3.28038 5.27015 49.9803 487.517
6 0.917495 3.27489 5.27591 48.1482 486.91
5 0.925799 3.25658 5.26902 49.828 487.62
8 0.922881 3.29574 5.27457 46.8254 487.245
9 0.920449 3.27687 5.2717 47.9858 487.543
7 0.931209 3.27359 5.27048 49.6752 487.978
10 0.923698 3.27217 5.27264 47.8784 487.4
11 0.92984 3.26096 5.27169 49.5506 487.454
12 0.925201 3.26324 5.27376 49.2604 487.571
13 0.925331 3.27728 5.27163 49.4652 487.451
14 0.924394 3.27138 5.26977 47.1615 487.408
15 0.9285 3.25473 5.27398 50.7988 487.353
