0 0.989915 3.86635 5.59939 12.9762 612.29
1 0.989915 3.86635 5.59939 12.9762 612.29
2 0.990962 3.87197 5.60113 12.7888 611.641
3 0.982646 3.85677 5.6001 13.4178 612.031
4 0.983034 3.8645 5.6048 12.848 611.524
6 0.978023 3.85842 5.60474 13.3197 611.968
5 0.989539 3.86147 5.59968 13.228 612.03
7 0.987958 3.8871 5.60401 13.0016 611.466
8 0.978987 3.886 5.60524 12.403 611.396
9 0.977203 3.85514 5.60185 12.616 611.734
10 0.984269 3.86366 5.59986 13.198 612.099
11 0.991609 3.87203 5.59976 13.2177 611.868
12 0.982687 3.85649 5.59624 12.83 612.653
13 0.986876 3.86971 5.59896 13.0033 611.824
14 0.987149 3.85909 5.59852 13.4711 612.14
15 0.991104 3.85891 5.60044 12.9236 611.783
