0 0.609905 2.37911 5.43113 196.847 394.448
1 0.609905 2.37911 5.43113 196.847 394.448
2 0.609924 2.38602 5.43008 195.452 394.59
3 0.60537 2.36293 5.43088 198.214 394.44
4 0.608893 2.37015 5.43104 198.548 394.414
5 0.608951 2.37069 5.43082 199.053 394.525
6 0.603839 2.3597 5.4316 197.495 394.422
7 0.610671 2.37075 5.42845 199.131 394.689
8 0.610104 2.39491 5.43074 195.34 394.409
9 0.604518 2.367 5.43175 196.946 394.299
10 0.605327 2.38138 5.42975 196.186 394.439
11 0.612534 2.38667 5.42813 193.639 394.721
12 0.606767 2.37687 5.42957 196.869 394.565
13 0.611514 2.38234 5.4316 197.354 394.427
14 0.60893 2.3938 5.43115 195.516 394.481
15 0.608117 2.36296 5.42902 199.26 394.491
