0 0.975608 3.47441 5.34786 26.7968 491.706
1 0.975608 3.47441 5.34786 26.7968 491.706
3 0.975033 3.49341 5.34724 26.1622 491.562
2 0.982768 3.49227 5.34484 26.5856 491.831
4 0.973688 3.49374 5.34664 26.6281 491.684
5 0.97977 3.47243 5.34501 27.2032 491.993
7 0.980629 3.49839 5.34626 25.3722 491.846
6 0.970567 3.48898 5.34797 25.7515 491.534
8 0.978332 3.50198 5.34627 25.8116 491.88
10 0.972662 3.49769 5.34674 25.2914 491.661
9 0.970833 3.50549 5.34502 23.4817 491.824
11 0.98495 3.48995 5.34449 26.1083 491.949
12 0.976661 3.469 5.34617 27.7495 491.849
13 0.973343 3.47896 5.34645 26.3029 491.68
14 0.976466 3.48136 5.34704 26.8387 491.602
15 0.978419 3.48329 5.34726 27.4367 491.646
