0 0.949798 3.45992 5.34215 33.9675 537.128
1 0.949798 3.45992 5.34215 33.9675 537.128
2 0.947612 3.46742 5.33386 33.7806 537.633
3 0.949746 3.46997 5.3427 33.9258 537.171
4 0.952062 3.47056 5.3453 34.2173 536.681
5 0.952092 3.44586 5.33873 35.0378 537.24
6 0.944092 3.45 5.3354 34.6575 537.176
7 0.951262 3.45657 5.33859 34.152 536.816
9 0.942066 3.46078 5.34312 33.2407 536.403
8 0.942582 3.47812 5.34079 33.2749 536.323
11 0.949918 3.45622 5.34268 33.8942 536.878
12 0.948072 3.45776 5.33915 33.8513 536.917
10 0.951073 3.46224 5.33809 33.1241 537.518
13 0.950924 3.45234 5.33865 34.2695 537.374
14 0.944636 3.46174 5.34646 33.8858 536.622
15 0.955287 3.44493 5.3395 34.7585 537.069
