0 0.95956 3.34284 5.3872 30.9332 429.203
1 0.95956 3.34284 5.3872 30.9332 429.203
2 0.970706 3.35636 5.39502 30.0868 429.237
4 0.959477 3.32953 5.39356 31.7845 429.109
3 0.95941 3.37327 5.39457 29.1161 428.799
5 0.964412 3.35034 5.39683 29.9103 429.189
6 0.958665 3.35176 5.39103 30.0595 428.963
7 0.96432 3.35785 5.39522 29.9496 429.183
8 0.956458 3.35557 5.39666 29.9944 429.021
9 0.958716 3.35876 5.39214 30.2167 428.691
10 0.960889 3.36246 5.38835 29.0663 429.247
11 0.962159 3.34105 -nan 30.8118 429.113
13 0.965015 3.36059 5.38973 29.691 429.099
12 0.961406 3.32772 -nan 32.8462 429.148
14 0.96148 3.37696 5.38844 30.1775 429.14
15 0.96641 3.34461 5.38922 31.0812 429.134
