0 0.808132 3.11507 5.27876 93.6595 445.141
1 0.808132 3.11507 5.27876 93.6595 445.141
2 0.81585 3.12002 5.28098 93.3823 444.734
3 0.812419 3.1124 5.27969 92.23 445.434
4 0.813588 3.11493 5.27692 93.8537 445.712
5 0.815264 3.11212 5.27664 93.1215 445.429
6 0.807931 3.13711 5.27882 90.5239 444.893
7 0.810475 3.10612 5.28127 95.3172 445.188
8 0.8081 3.107 5.27695 93.1278 445.686
10 0.802552 3.11115 5.28234 93.0605 444.964
11 0.81063 3.1281 5.28016 93.9358 445.006
9 0.80641 3.11461 5.28118 93.8201 445.155
12 0.812856 3.11515 -nan 94.0287 445.506
13 0.815812 3.11632 5.27743 93.7762 445.486
14 0.811287 3.12241 5.27933 92.4878 445.251
15 0.813039 3.10034 5.27103 93.655 445.485
