0 0.943999 3.09583 5.62015 48.3114 478.581
1 0.943999 3.09583 5.62015 48.3114 478.581
2 0.947067 3.10258 5.61757 47.2331 478.789
3 0.941124 3.09564 5.62068 49.2945 478.547
4 0.943323 3.09275 5.61976 48.0305 478.66
5 0.94734 3.08918 5.61967 48.7233 478.589
6 0.936898 3.09907 5.61978 48.007 478.603
7 0.946117 3.10259 5.61885 46.3593 478.638
8 0.944176 3.11542 5.61812 47.1015 478.629
11 0.943788 3.08864 5.62108 49.0114 478.583
9 0.937592 3.0987 5.62149 47.315 478.44
10 0.94317 3.09729 5.62064 47.4098 478.563
12 0.945364 3.08058 5.62009 49.1428 478.563
13 0.947321 3.11032 5.61817 47.7068 478.716
14 0.947718 3.11476 5.62051 46.6213 478.511
15 0.949689 3.0765 5.62095 48.9352 478.389
