0 0.940553 3.4341 5.22466 39.6918 513.171
1 0.940553 3.4341 5.22466 39.6918 513.171
2 0.949127 3.44461 5.22244 39.1989 513.691
3 0.941446 3.44541 5.22655 40.3927 512.903
4 0.943135 3.44566 5.22433 40.8731 512.958
5 0.946391 3.41449 5.22444 41.9967 513.491
6 0.941939 3.46244 5.22625 38.3187 513.185
7 0.945249 3.41431 5.22707 41.4896 513.17
8 0.940932 3.45284 5.22319 39.6212 513.062
9 0.938333 3.4609 5.23106 39.396 512.551
10 0.936594 3.42359 5.22367 39.8244 513.544
11 0.948448 3.46295 5.22902 39.1871 512.702
12 0.945956 3.43466 5.22557 40.7428 513.331
13 0.943117 3.44315 5.22808 40.5827 512.948
14 0.941393 3.4465 5.22533 39.5812 513.416
15 0.949995 3.44067 5.22222 40.1809 513.294
