0 0.690473 2.43119 5.03619 160.753 383.724
1 0.690473 2.43119 5.03619 160.753 383.724
2 0.694882 2.43984 5.03178 160.282 383.989
3 0.691812 2.43638 5.03059 158.957 384.177
4 0.694681 2.4294 5.02629 161.195 384.484
5 0.700602 2.42973 5.02261 160.094 384.935
6 0.6934 2.44194 5.029 158.634 383.564
7 0.695901 2.42461 5.02077 160.939 384.431
8 0.692256 2.43893 5.02555 159.132 384.366
9 0.690414 2.43479 5.02734 158.313 383.891
10 0.692518 2.42737 5.02681 160.866 383.676
11 0.697132 2.43937 5.03194 158.711 383.917
12 0.69607 2.41773 5.02029 160.853 384.826
13 0.695697 2.443 5.02814 160.397 384.125
14 0.693028 2.4483 5.03051 158.388 384.213
15 0.701895 2.44556 5.02501 159.844 384.426
