0 0.984555 3.82344 5.52951 12.0641 535.721
2 0.98695 3.82871 5.52656 11.9094 535.466
1 0.984555 3.82344 5.52951 12.0641 535.721
3 0.981003 3.82687 5.53078 11.7883 535.521
4 0.987562 3.81515 -nan 12.0546 536.197
6 0.978331 3.81732 5.53089 11.9443 535.694
5 0.990364 3.82737 5.52576 12.0798 535.692
7 0.990854 3.83359 5.52621 11.9423 535.918
8 0.977982 3.81754 5.52113 11.9082 536.034
10 0.981726 3.82019 5.53045 11.9058 535.566
9 0.973429 3.82347 5.53027 11.7311 535.477
11 0.986967 3.82581 5.52813 11.9035 535.746
12 0.989276 3.82056 5.531 12.1722 535.554
13 0.989101 3.83605 5.52824 11.875 535.661
14 0.980614 3.8182 5.53098 11.8435 535.812
15 0.988092 3.81823 5.53309 12.039 535.501
