0 0.970106 3.69955 5.38748 23.517 538.779
1 0.970106 3.69955 5.38748 23.517 538.779
2 0.966944 3.7117 5.39178 23.1749 537.866
3 0.962633 3.70156 5.38919 23.6181 538.261
4 0.968918 3.69913 5.38863 24.6353 538.354
5 0.968771 3.69622 5.38667 23.9022 538.571
7 0.970936 3.71914 5.39163 23.1128 538.418
6 0.956547 3.68666 5.3859 24.5608 538.62
8 0.96439 3.72567 5.39131 23.2769 537.871
10 0.965346 3.73524 5.39327 22.7994 537.883
9 0.958523 3.69813 5.39049 23.3537 538.15
11 0.967243 3.69759 5.39054 25.2391 538.281
12 0.973284 3.71048 5.38351 23.5894 538.772
13 0.966443 3.72395 5.39161 23.2326 537.862
14 0.967574 3.70583 5.38952 23.994 538.289
15 0.971723 3.69511 5.39006 24.7138 538.301
