0 0.930101 2.99886 5.34617 49.1704 341.408
1 0.930101 2.99886 5.34617 49.1704 341.408
2 0.934623 3.01268 5.34428 48.4331 341.552
3 0.92904 2.99898 5.34512 48.4157 341.364
4 0.938086 3.01053 5.34651 48.0836 341.65
5 0.936879 2.98691 5.34711 51.3003 341.523
6 0.928983 3.00901 5.34422 48.7455 341.448
7 0.934488 3.00644 5.34617 47.682 341.732
9 0.925478 2.99247 5.34856 49.4115 341.294
8 0.928281 3.00784 5.34661 48.699 341.603
10 0.929912 3.0352 5.34579 45.2181 341.55
11 0.938372 3.03658 5.34637 46.6408 341.394
12 0.93336 2.99033 5.33659 48.7226 341.79
13 0.931709 3.01516 5.34293 47.5541 341.837
14 0.933186 3.0174 5.34677 47.7226 341.516
15 0.939621 2.99615 5.34346 49.6631 341.514
