0 0.826827 3.42555 5.32323 79.5018 545.115
1 0.826827 3.42555 5.32323 79.5018 545.115
2 0.824521 3.40763 5.31973 80.3939 545.7
3 0.823737 3.43982 5.327 79.344 544.48
4 0.83002 3.44783 5.32675 77.9399 544.561
5 0.825181 3.41886 5.31924 80.399 545.342
6 0.821435 3.43484 5.32409 79.1425 544.962
7 0.831084 3.44318 -nan 79.5176 544.223
8 0.821643 3.42546 5.32255 80.1521 545.024
9 0.824498 3.45422 5.32587 77.4011 544.361
10 0.827911 3.43808 5.32429 78.3096 544.806
11 0.83321 3.44011 5.32324 79.4261 545.206
12 0.82844 3.4232 5.32016 79.8496 545.566
13 0.833623 3.45253 5.31898 78.4127 544.81
14 0.824226 3.42647 5.31974 79.5889 545.239
15 0.834683 3.42594 5.32137 80.0152 545.578
