0 0.94001 3.34278 5.16244 39.2275 448.344
1 0.94001 3.34278 5.16244 39.2275 448.344
2 0.943138 3.34387 5.16213 38.8484 448.231
3 0.93589 3.35987 5.16705 39.3465 447.586
4 0.942435 3.3465 5.16311 38.8199 447.771
5 0.948045 3.351 5.16547 38.6994 447.912
6 0.931489 3.36236 5.16566 38.3455 447.901
7 0.941886 3.3623 5.16877 39.3762 447.529
8 0.933207 3.35341 5.16274 37.8818 448.099
9 0.931175 3.37872 5.16877 37.4693 447.569
10 0.935815 3.35509 5.16587 38.7013 447.91
11 0.935264 3.35784 5.16388 39.3631 447.444
12 0.938729 3.36632 5.15916 37.7833 448.429
13 0.9443 3.3612 5.16227 38.4436 448.24
14 0.935297 3.34699 5.16401 39.296 447.742
15 0.942747 3.33337 5.15913 40.0478 448.157
