0 0.848075 2.45645 5.31261 95.1981 319.316
1 0.848075 2.45645 5.31261 95.1981 319.316
3 0.845458 2.47549 5.31142 93.5218 319.324
2 0.849047 2.45369 5.31081 96.0015 319.454
4 0.850571 2.45842 5.31304 94.0626 319.275
5 0.850655 2.46402 5.31403 98.0791 318.977
6 0.845016 2.47966 5.3124 93.5164 319.29
7 0.850254 2.45904 5.3114 96.2756 319.46
8 0.848121 2.48717 5.30936 90.8434 319.454
9 0.843133 2.47826 5.31343 93.2615 318.991
10 0.846651 2.46586 5.30654 94.9768 319.523
11 0.84635 2.4436 5.31215 95.9577 319.305
12 0.849094 2.46336 5.31455 93.6531 319.326
13 0.847667 2.44739 5.30957 96.5956 319.519
15 0.852657 2.43876 5.31243 97.3081 319.234
14 0.851254 2.47115 5.31197 94.0095 319.409
