0 0.909032 3.16791 5.31457 55.235 389.333
1 0.909032 3.16791 5.31457 55.235 389.333
2 0.916746 3.17072 5.31333 53.8917 389.483
3 0.907883 3.16757 5.31662 56.0228 388.916
4 0.912057 3.1749 5.31795 54.3379 388.794
5 0.912574 3.17227 5.31274 53.737 389.327
6 0.906819 3.18653 5.31817 52.9625 389.128
7 0.914476 3.17856 5.30886 52.9575 389.649
8 0.910228 3.18919 5.31597 53.5584 389.116
9 0.903216 3.16475 5.31274 54.8147 388.874
10 0.90409 3.1826 5.31899 54.3548 388.613
12 0.909288 3.17875 5.31798 54.3897 388.769
11 0.913977 3.19856 5.31812 52.3104 389.08
13 0.913419 3.18545 5.31295 54.8347 389.201
14 0.913819 3.19311 5.31119 54.223 389.358
15 0.920992 3.17411 5.31219 54.0395 389.406
