0 0.880239 2.81469 5.31825 75.3607 306.888
1 0.880239 2.81469 5.31825 75.3607 306.888
2 0.880822 2.82658 5.31943 74.0007 306.673
3 0.872665 2.83022 5.32147 73.1989 306.693
4 0.882073 2.83801 5.31899 71.9202 306.747
5 0.878451 2.83279 5.31747 73.9174 306.943
6 0.873716 2.83682 5.32186 71.1347 306.679
7 0.885096 2.83481 5.3156 73.4556 307.043
8 0.876066 2.85448 5.31884 71.2178 306.832
9 0.871684 2.84988 5.31647 71.8384 306.979
10 0.878323 2.83507 5.31336 73.6151 306.945
11 0.880736 2.83833 5.31836 72.6056 306.974
12 0.882424 2.82371 5.31938 73.9796 306.764
13 0.880976 2.82427 5.31494 73.5947 307.009
14 0.874171 2.83377 5.31978 72.9179 306.856
15 0.883014 2.815 5.31379 74.3157 306.992
