0 0.983519 3.62623 5.30038 21.152 480.853
1 0.983519 3.62623 5.30038 21.152 480.853
2 0.982176 3.61076 5.30073 22.2782 480.247
3 0.975908 3.63783 5.29782 20.1592 480.807
4 0.98789 3.64136 5.29813 19.9583 480.897
5 0.97905 3.63059 5.29731 20.6118 480.57
6 0.97681 3.62779 5.30112 20.9 480.717
7 0.988836 3.63555 5.29758 20.55 480.967
8 0.976882 3.62324 5.29685 20.4456 480.953
9 0.976379 3.63548 5.30342 20.5829 480.479
10 0.982117 3.64513 5.30262 20.1797 480.057
11 0.980523 3.61847 5.29922 20.7028 481.046
12 0.980122 3.62784 5.30037 21.0148 480.847
13 0.984669 3.63156 5.29757 21.0691 480.516
14 0.981193 3.6168 5.29739 20.9248 480.829
15 0.988105 3.63699 5.29875 19.761 480.747
