0 0.931988 3.06374 5.29574 47.5524 385.498
1 0.931988 3.06374 5.29574 47.5524 385.498
2 0.934657 3.04922 5.29497 47.6988 385.357
3 0.929515 3.08911 5.2991 46.7417 385.159
4 0.934139 3.065 5.29734 47.5942 385.324
5 0.931206 3.06608 5.29435 47.377 385.441
6 0.931091 3.06177 5.29693 47.607 385.41
7 0.935181 3.05545 5.29535 48.2292 385.393
8 0.928849 3.06601 5.29671 46.5111 385.369
10 0.92851 3.04632 5.29064 48.2892 385.614
9 0.926437 3.04557 5.29295 47.9244 385.525
11 0.936455 3.06357 5.29625 47.1918 385.274
12 0.931226 3.05281 5.29139 47.4106 385.608
13 0.932561 3.05922 5.29435 48.2968 385.673
14 0.933135 3.05549 5.29345 47.8978 385.464
15 0.935711 3.04638 5.29225 47.9517 385.416
