0 0.928276 3.05404 5.17461 51.9695 338.51
1 0.928276 3.05404 5.17461 51.9695 338.51
2 0.93227 3.01752 5.17428 54.1429 338.443
3 0.924555 3.01776 5.1714 53.7333 338.807
4 0.930577 3.02742 5.17014 53.5613 338.901
5 0.933491 3.0374 5.17217 54.1436 338.674
6 0.927174 3.03393 5.17154 52.4678 338.696
7 0.932024 3.02543 5.16856 54.5069 338.982
8 0.925695 3.04727 5.17007 52.4706 338.772
10 0.927225 3.03361 5.1706 52.3218 338.879
9 0.923251 3.03569 5.17518 51.8435 338.39
11 0.932239 3.02398 5.17246 52.6732 338.724
12 0.929504 3.02854 5.16835 53.0085 338.506
13 0.934143 3.03837 5.17315 53.1242 338.568
14 0.929833 3.05026 5.17205 52.0422 338.745
15 0.933051 3.0157 5.17136 53.818 338.761
