0 0.982886 3.58588 5.51233 19.4634 480.303
1 0.982886 3.58588 5.51233 19.4634 480.303
2 0.984495 3.58381 5.51275 18.9786 480.462
3 0.980218 3.58828 5.51212 18.8036 480.284
4 0.985745 3.58726 5.51344 19.403 480.295
5 0.986665 3.56566 5.51376 20.4838 480.168
6 0.972757 3.58161 5.51366 19.0775 480.287
7 0.984549 3.58563 5.51296 19.145 480.397
8 0.979993 3.59293 5.51533 18.8644 480.082
9 0.975628 3.59736 5.51454 17.9648 480.186
10 0.978543 3.57459 5.5152 19.3084 480.148
11 0.989963 3.60265 5.51197 18.8259 480.471
12 0.982912 3.59264 5.51485 18.4439 480.225
14 0.979724 3.5833 5.51213 19.3409 480.526
13 0.981417 3.58894 5.51263 18.7209 480.372
15 0.985756 3.57138 5.51324 19.9014 480.316
