0 0.939574 3.00948 5.38115 47.2974 336.637
1 0.939574 3.00948 5.38115 47.2974 336.637
2 0.942939 3.00169 5.37839 47.5288 336.84
3 0.939027 3.02402 5.38347 45.6456 336.616
4 0.940841 2.99596 5.37861 49.4161 336.871
5 0.942556 2.99195 5.37628 49.4166 336.815
6 0.934062 3.00448 5.3805 47.7217 336.75
7 0.941882 3.00691 5.38113 46.9181 336.776
8 0.936534 3.02443 5.3818 44.5477 336.727
9 0.930046 3.01142 5.3817 46.8446 336.456
10 0.933579 2.99536 5.38387 48.3486 336.503
11 0.938916 3.00553 5.37959 47.8411 336.737
12 0.938232 3.00978 5.38011 47.6253 336.753
13 0.937749 2.99995 5.37476 47.5297 336.937
14 0.938356 2.99026 5.38192 48.0652 336.722
15 0.94792 2.99542 5.379 48.0506 336.854
