0 0.889098 2.93838 5.17792 64.4514 330.217
1 0.889098 2.93838 5.17792 64.4514 330.217
2 0.889694 2.92715 5.17572 64.3909 330.387
3 0.882846 2.93961 5.18578 64.2047 330.042
4 0.883465 2.92464 5.18157 65.0016 329.863
6 0.879025 2.93881 5.18665 64.5888 329.853
5 0.890852 2.91321 5.18199 65.2205 330.116
7 0.893002 2.94238 5.18269 64.8382 329.978
8 0.884399 2.94351 5.1855 63.176 330.123
9 0.883641 2.94622 5.18773 62.7392 329.733
10 0.885876 2.94546 5.18841 63.0717 329.828
11 0.889345 2.94801 5.17604 62.2664 330.224
12 0.889126 2.95267 5.18536 63.77 330.133
13 0.888327 2.93456 5.18198 63.7874 330.279
14 0.887585 2.93872 5.18192 63.2862 329.943
15 0.894065 2.92884 5.18301 65.4455 329.921
