0 0.883439 2.8833 5.27554 66.4429 326.682
1 0.883439 2.8833 5.27554 66.4429 326.682
2 0.884042 2.88999 5.27336 67.8312 326.916
3 0.878454 2.89005 5.27404 66.4866 326.628
4 0.884238 2.89474 5.28109 68.2951 326.202
5 0.887088 2.87428 5.26846 67.8605 327.096
6 0.877837 2.89893 5.27376 65.3735 326.791
8 0.879433 2.89058 5.2739 65.253 326.901
7 0.882882 2.89668 5.27191 65.0249 326.887
9 0.882027 2.90044 5.27321 65.2774 326.641
10 0.880072 2.89437 5.27701 65.0322 326.525
11 0.885142 2.8799 5.2756 66.3786 326.607
12 0.882941 2.87965 5.2716 66.2023 326.878
13 0.883751 2.87935 5.27604 67.0473 326.55
14 0.88461 2.88332 5.27451 65.5627 326.743
15 0.891248 2.89492 5.27113 66.0205 326.629
