0 0.920097 3.17889 5.10063 51.8077 398.934
1 0.920097 3.17889 5.10063 51.8077 398.934
2 0.924918 3.17119 5.10031 50.3054 398.937
3 0.916229 3.19939 5.10106 49.704 398.925
4 0.918279 3.18569 5.10605 50.1807 398.673
5 0.920504 3.16946 5.09507 51.1204 399.365
6 0.913719 3.19849 5.1006 48.3752 398.767
7 0.925132 3.18591 5.09756 50.4757 399.198
8 0.919676 3.19782 5.10339 48.6832 398.747
9 0.915384 3.2227 5.10403 46.4304 398.4
11 0.920964 3.20776 5.10467 49.3489 398.484
10 0.917859 3.18616 5.10375 49.3886 398.969
12 0.921969 3.20557 5.10111 49.5166 398.379
13 0.922635 3.18854 5.10218 50.4646 398.786
14 0.919861 3.20461 5.10814 49.0432 398.267
15 0.927159 3.18937 5.1024 50.8231 398.561
