0 0.96605 3.39421 5.49973 31.4691 525.613
1 0.96605 3.39421 5.49973 31.4691 525.613
3 0.957265 3.38305 5.50049 32.0435 525.368
2 0.966578 3.37851 5.49199 32.0356 525.759
4 0.956208 3.36547 5.49818 33.1271 525.687
5 0.963054 3.37961 5.49326 32.9322 525.823
6 0.949603 3.40122 5.49873 30.8148 525.644
8 0.956723 3.38023 5.49944 31.9621 525.674
9 0.95292 3.38104 5.50334 31.2745 525.316
7 0.962095 3.38184 5.50072 31.9466 525.752
10 0.956175 3.39066 5.50147 31.2178 525.186
11 0.962409 3.39051 5.50133 31.3612 525.561
12 0.960178 3.37628 5.4991 32.4336 525.559
14 0.960733 3.39634 5.49877 31.3809 525.51
13 0.959967 3.37064 5.50346 32.1691 525.233
15 0.964775 3.36177 5.50004 33.66 525.648
