0 0.980413 3.38849 5.42943 26.0319 435.455
1 0.980413 3.38849 5.42943 26.0319 435.455
2 0.982958 3.35962 5.42729 29.3658 435.294
3 0.976295 3.38115 5.42868 27.8798 435.203
4 0.983754 3.35784 -nan 28.8793 435.294
5 0.983991 3.38497 5.42961 26.7699 435.371
6 0.978065 3.38176 5.42821 26.4662 435.379
7 0.985303 3.394 5.42593 26.0411 435.566
8 0.978505 3.41114 5.43181 24.8351 435.318
9 0.974001 3.37639 5.42958 26.194 435.36
10 0.979434 3.38565 5.43047 25.779 435.245
11 0.98441 3.38883 5.42791 27.7305 435.449
12 0.985407 3.36872 5.42638 27.3981 435.547
13 0.982495 3.36512 5.42754 27.6745 435.282
14 0.977549 3.38852 5.43132 27.1917 435.25
15 0.977843 3.35002 5.43031 28.463 435.199
