0 0.895115 2.7827 5.59377 72.2171 401.805
1 0.895115 2.7827 5.59377 72.2171 401.805
2 0.900411 2.78317 -nan 72.3031 401.872
3 0.895795 2.76928 5.59619 72.9288 401.511
4 0.894898 2.77214 5.59607 73.284 401.676
5 0.89587 2.76348 5.59274 73.168 401.607
6 0.887476 2.78947 5.59731 70.8096 401.694
7 0.896205 2.77728 5.58786 72.0856 402.004
8 0.896854 2.7868 5.59472 71.1117 401.824
9 0.885515 2.78552 5.59879 71.0817 401.546
10 0.89187 2.77602 5.59471 70.8232 401.669
11 0.895472 2.76987 5.5949 72.4628 401.812
12 0.895964 2.7701 5.5974 73.1023 401.593
13 0.894481 2.77636 5.58733 72.0403 401.89
14 0.894224 2.77773 5.59328 71.5274 401.909
15 0.902644 2.77781 5.59258 72.8656 401.99
