0 0.665455 1.56591 5.34977 283.638 203.953
1 0.665455 1.56591 5.34977 283.638 203.953
2 0.666188 1.57741 5.35141 284.647 204.005
3 0.665508 1.58285 5.35125 282.017 203.932
4 0.669988 1.58029 5.34675 283.142 204.018
6 0.660257 1.57492 5.35271 280.727 203.896
5 0.668886 1.5551 5.34788 287.07 204.067
7 0.67351 1.58821 5.34606 284.307 204.101
8 0.667834 1.58505 5.34882 280.275 204.079
9 0.666246 1.58245 5.34735 282.846 204.027
10 0.670823 1.58846 5.34702 281.065 203.995
11 0.669192 1.57961 5.34692 281.925 204.102
12 0.670217 1.57764 5.34932 283.752 204.027
13 0.670001 1.58106 5.34844 283.88 204.096
14 0.670373 1.58558 5.34852 282.017 203.977
15 0.670153 1.55776 5.34984 286.004 204.031
