0 0.828542 3.37063 5.52609 79.2158 508.332
1 0.828542 3.37063 5.52609 79.2158 508.332
3 0.822757 3.35496 5.52618 80.3406 508.459
2 0.831997 3.35992 5.52223 79.1448 508.699
4 0.824789 3.36319 5.52469 80.0938 508.473
5 0.831867 3.3564 5.52571 81.5133 508.451
6 0.822018 3.35114 5.52405 81.4979 508.675
7 0.828286 3.35334 5.52401 81.1651 508.603
8 0.821542 3.35906 5.52433 79.7451 508.635
9 0.820202 3.36447 5.52808 79.166 508.134
11 0.82593 3.35261 5.52516 81.0207 508.515
10 0.826991 3.36714 5.52353 79.2132 508.386
12 0.826577 3.36351 5.52242 79.5001 508.435
13 0.829573 3.36988 5.52475 79.6514 508.486
14 0.822065 3.35119 5.52739 80.2067 508.331
15 0.83347 3.3575 5.52352 81.0911 508.335
