0 0.978192 3.20604 5.29475 31.4066 389.377
1 0.978192 3.20604 5.29475 31.4066 389.377
2 0.978351 3.22017 -nan 30.1023 389.276
3 0.972885 3.21852 5.28807 30.1873 389.592
4 0.977228 3.20225 5.2843 31.4393 389.674
5 0.977145 3.1929 5.28616 30.7513 389.523
6 0.971702 3.22301 5.28463 29.2941 389.688
7 0.979853 3.21938 5.29021 29.0543 389.362
8 0.972331 3.22644 5.29413 29.6588 389.449
9 0.975067 3.23608 5.29126 28.9255 389.606
10 0.973674 3.18858 5.29443 32.0324 389.333
12 0.977326 3.21304 5.28909 30.9609 389.441
11 0.977753 3.22121 5.29139 30.5896 389.16
13 0.978787 3.19673 5.27364 30.952 390.085
14 0.972889 3.22049 5.29129 30.0563 389.133
15 0.980427 3.17063 5.295 32.4086 389.129
