0 0.982628 3.7487 5.22899 16.5093 503.899
1 0.982628 3.7487 5.22899 16.5093 503.899
2 0.99085 3.77785 5.23173 16.4352 503.579
3 0.977231 3.78191 5.23551 14.9391 503.254
4 0.986081 3.78178 5.23416 16.3851 502.829
6 0.970635 3.74641 5.22559 16.3016 504.291
7 0.984559 3.75836 5.22806 15.6733 504.127
9 0.975452 3.75784 5.23357 16.6349 503.014
5 0.985971 3.75168 5.22519 16.8486 503.939
10 0.984333 3.75589 5.22774 16.491 504.118
8 0.979685 3.78446 5.23299 15.1214 503.249
11 0.99036 3.77085 5.23637 17.0421 503.064
12 0.984784 3.75729 5.23299 17.1098 503.371
13 0.983382 3.75519 5.236 16.6812 503.243
15 0.992596 3.76993 5.23446 16.9395 502.84
14 0.98072 3.77042 5.23351 15.6376 503.277
