0 0.925942 3.00472 5.0773 52.6715 391.883
1 0.925942 3.00472 5.0773 52.6715 391.883
2 0.929267 2.99169 5.08074 51.7559 391.778
3 0.922701 3.01851 5.08277 51.7545 391.391
4 0.923299 3.00612 5.07991 51.4976 391.637
5 0.930102 2.98987 5.08248 53.591 391.411
6 0.918165 3.01791 5.08416 50.3706 391.374
7 0.921878 2.99842 5.08123 52.8488 391.867
8 0.924985 3.02727 5.08026 51.0961 391.733
9 0.918106 3.01767 5.0847 51.0686 390.856
10 0.920174 2.99678 5.07951 51.0507 391.764
11 0.920524 3.01006 5.07583 51.7748 391.709
12 0.921094 2.98979 5.07833 53.0268 391.888
13 0.927219 3.00709 5.07564 51.4077 392.046
14 0.92724 3.01866 5.07949 50.7316 391.461
15 0.92569 3.00516 5.08361 51.9768 391.313
