0 0.936093 3.30952 5.09524 47.8071 431.791
1 0.936093 3.30952 5.09524 47.8071 431.791
2 0.939151 3.31603 5.09761 46.8039 432.211
3 0.931889 3.33561 5.08845 43.9457 432.738
4 0.934419 3.30818 5.09195 46.0899 432.67
5 0.938577 3.29572 5.08928 47.9648 432.987
6 0.928598 3.31789 5.09819 46.0022 431.8
7 0.934291 3.32437 5.09432 46.148 432.259
8 0.935064 3.31818 5.0938 45.3132 432.541
10 0.92802 3.32254 5.09158 46.5429 432.253
9 0.92742 3.30988 5.09477 46.871 432.501
12 0.938031 3.3154 5.09655 47.5671 432.146
11 0.928905 3.28625 5.09131 48.0039 432.531
13 0.932437 3.30715 5.09218 46.6812 432.242
14 0.935201 3.29092 5.09073 47.2437 432.833
15 0.93982 3.30184 5.08951 47.196 432.689
