0 0.879079 2.6467 5.46654 74.2363 283.627
1 0.879079 2.6467 5.46654 74.2363 283.627
2 0.883386 2.66031 5.46633 72.7146 283.679
3 0.884694 2.67384 5.4647 71.5701 283.708
4 0.884928 2.66198 5.46371 73.3742 283.862
5 0.882746 2.64128 5.4646 74.6168 283.736
6 0.88017 2.6698 5.46688 70.7864 283.636
7 0.887127 2.66284 5.46317 71.408 283.877
8 0.873629 2.65947 5.46757 72.4695 283.573
9 0.878706 2.66226 5.46577 71.7527 283.711
10 0.879132 2.66104 5.46597 72.3651 283.619
11 0.88119 2.65575 5.46464 75.1219 283.704
12 0.889657 2.67502 5.46449 71.898 283.769
13 0.886669 2.66451 5.46322 72.6308 283.839
14 0.880954 2.65444 5.46719 74.5505 283.615
15 0.886256 2.64156 5.46586 75.3751 283.633
