0 0.838358 2.79402 5.41132 88.7405 480.823
1 0.838358 2.79402 5.41132 88.7405 480.823
2 0.844093 2.79451 5.41251 89.0457 480.867
3 0.840206 2.79907 5.4142 88.0735 480.811
4 0.838202 2.77654 5.41275 91.2906 481.066
5 0.847699 2.78542 5.41198 88.3368 480.99
6 0.837988 2.79238 5.41147 87.9593 481.301
7 0.846273 2.79249 5.40795 87.2995 481.444
8 0.839966 2.81649 5.4105 86.9922 480.941
9 0.839299 2.79477 5.41044 87.4516 481.21
10 0.837314 2.78807 5.41632 87.4016 480.988
11 0.842926 2.79109 5.414 87.9237 480.785
12 0.837649 2.78735 5.41305 88.4613 480.919
13 0.846416 2.80098 5.40876 87.92 481.264
14 0.841573 2.79568 5.41404 86.8147 480.876
15 0.847019 2.77315 5.40502 89.7877 481.446
