0 0.775901 2.8775 5.2878 130.733 375.54
1 0.775901 2.8775 5.2878 130.733 375.54
2 0.775242 2.85995 5.28757 132.808 375.486
3 0.767038 2.86894 5.28646 131.046 375.917
4 0.770574 2.86808 5.28288 131.948 376.034
5 0.776391 2.86 5.28589 131.949 375.65
6 0.763042 2.85344 5.28081 129.969 375.946
7 0.774496 2.86996 5.28658 132.587 375.492
8 0.767035 2.85103 5.28969 132.45 375.811
9 0.766155 2.86422 5.29242 131.967 375.078
10 0.767977 2.87565 5.29261 131.88 375.035
11 0.773316 2.88202 5.28417 131.156 375.821
12 0.770233 2.85531 5.28414 132.446 375.631
14 0.770894 2.87643 5.28993 130.71 375.236
13 0.772147 2.85512 5.28804 133.466 375.514
15 0.779679 2.86104 5.28733 134.925 375.295
