0 0.925734 2.98045 5.52435 54.8712 365.366
1 0.925734 2.98045 5.52435 54.8712 365.366
2 0.927691 2.98736 5.51698 55.4116 365.391
3 0.918173 2.96249 5.52502 56.8266 365.303
4 0.921945 2.96309 5.52507 57.0097 365.369
5 0.926282 2.97409 5.52513 56.34 365.281
6 0.916879 2.9728 5.52524 56.7634 365.296
7 0.92385 2.97498 5.52179 55.2464 365.489
8 0.919046 2.99444 5.52428 52.6869 365.421
9 0.918797 2.96617 5.52543 54.8932 365.271
10 0.91886 2.96997 5.524 56.1361 365.301
11 0.926651 2.97215 5.52352 56.2923 365.383
12 0.924027 2.97686 5.52353 55.7753 365.424
13 0.926559 2.97923 5.52366 54.6009 365.42
14 0.923639 2.987 5.52679 55.0333 365.289
15 0.927662 2.94837 5.52532 58.5298 365.348
