0 0.972233 3.38669 5.2907 26.5611 398.229
1 0.972233 3.38669 5.2907 26.5611 398.229
3 0.972333 3.42506 5.2928 23.7941 398.026
2 0.977222 3.406 5.29295 24.9562 398.046
4 0.977202 3.42175 5.29172 24.8507 398.089
5 0.976947 3.40358 5.29095 25.2916 398.234
6 0.966956 3.4208 5.2953 24.8841 397.862
7 0.978441 3.4298 5.2922 24.787 398.221
8 0.970096 3.42345 5.28591 24.2985 398.697
9 0.969879 3.41969 5.30063 24.4595 397.587
10 0.968701 3.42575 5.29678 24.2531 397.933
11 0.969765 3.40955 5.28918 25.3743 397.877
12 0.97323 3.41356 5.29565 24.3446 397.888
13 0.977044 3.41401 5.29073 24.9057 398.296
14 0.973879 3.43014 5.29172 24.2157 398.292
15 0.981993 3.41722 5.29286 24.9065 398.089
