0 0.804235 3.07764 5.28637 97.6423 432.867
1 0.804235 3.07764 5.28637 97.6423 432.867
2 0.807129 3.06842 5.27847 95.854 433.038
3 0.802503 3.03506 5.28264 96.9781 433.625
4 0.807675 3.06085 5.28152 97.6146 433.023
5 0.803793 3.02998 5.28283 99.9942 433.634
6 0.798954 3.08007 5.29004 94.9641 432.862
7 0.806234 3.0539 5.28431 98.4398 433.176
8 0.80341 3.07271 5.28951 94.9799 432.884
9 0.806499 3.07289 5.28471 94.875 433.178
10 0.803145 3.05997 5.28582 97.1848 433.065
11 0.804822 3.03738 5.27947 99.0911 433.326
12 0.809875 3.05575 5.28069 97.2443 433.182
13 0.813453 3.06407 5.2815 95.1353 433.592
14 0.806785 3.05541 5.28413 96.5243 433.391
15 0.81003 3.06585 5.287 97.1417 432.93
