0 0.989909 3.98838 5.4515 11.075 692.022
1 0.989909 3.98838 5.4515 11.075 692.022
2 0.990258 3.98927 5.44718 10.943 692.562
4 0.988736 3.98067 5.45138 11.1938 692.455
3 0.980377 3.98995 5.4515 10.7942 691.763
5 0.993745 3.99162 5.45506 11.1711 691.475
6 0.97524 3.99071 5.45148 10.6428 691.817
9 0.980005 3.99145 5.45424 10.9672 691.533
7 0.987342 3.98899 5.44615 11.0402 692.321
8 0.981435 3.99468 5.4516 10.786 691.85
10 0.980817 3.98406 5.44976 11.1147 692.321
12 0.990754 4.00108 5.45222 10.7763 691.995
11 0.991821 3.99076 5.4519 10.9526 692.228
13 0.987907 3.98644 5.44937 10.9192 692.16
14 0.982042 3.9906 5.4524 10.7594 691.895
15 0.993515 3.98694 5.45499 11.0648 691.737
