0 0.964843 3.42246 5.4356 31.0607 441.731
1 0.964843 3.42246 5.4356 31.0607 441.731
2 0.963207 3.39698 5.43253 32.3501 441.772
3 0.956425 3.39488 5.43399 33.5662 441.816
4 0.960193 3.42407 5.44108 31.6775 441.365
6 0.955111 3.41926 5.4349 30.972 441.594
5 0.958919 3.39751 5.43384 32.923 441.456
7 0.961499 3.41743 5.42469 30.8159 442.024
8 0.954492 3.41042 5.43244 30.8389 441.67
9 0.952876 3.41895 5.433 29.9759 441.607
11 0.963902 3.41141 5.43094 31.6383 441.857
10 0.953976 3.41386 5.43667 31.5598 441.634
12 0.961101 3.42364 5.42693 30.73 441.884
14 0.958525 3.41067 5.43719 31.6301 441.682
13 0.961524 3.42142 5.42973 30.389 441.844
15 0.965004 3.38545 5.42829 33.1036 441.701
