0 0.982554 3.97932 5.34539 10.6385 630.283
1 0.982554 3.97932 5.34539 10.6385 630.283
2 0.992187 3.98204 5.34309 10.8046 630.658
3 0.981967 3.98821 5.34811 10.6097 629.946
5 0.986357 3.98344 5.34604 10.7071 630.178
4 0.986 3.98844 5.34395 10.5378 630.623
6 0.982365 3.99379 5.34656 10.6047 630.001
8 0.979328 3.99074 5.34498 10.4672 630.434
7 0.984701 3.99509 5.34836 10.4832 629.745
9 0.980947 3.98484 5.34205 10.5674 630.74
11 0.985028 3.994 5.34423 10.509 630.451
10 0.983838 4.00184 5.34533 10.4035 630.01
12 0.987098 3.98749 5.3451 10.5905 630.569
13 0.986939 3.99408 5.34583 10.5418 630.042
15 0.992397 3.98738 5.34605 10.6154 630.209
14 0.982716 3.99548 5.34492 10.5284 630.375
