0 0.965949 3.54167 5.47533 26.9825 504.581
1 0.965949 3.54167 5.47533 26.9825 504.581
3 0.963855 3.54156 5.4771 27.1781 504.441
2 0.965528 3.54895 5.47521 27.5039 504.574
4 0.9639 3.53599 5.47541 28.3709 504.551
6 0.95879 3.54887 5.47463 26.6416 504.68
7 0.967227 3.52357 5.47302 28.5483 504.859
5 0.964351 3.52967 5.47458 27.9884 504.729
8 0.959459 3.53559 5.47469 27.6022 504.581
9 0.956336 3.54334 5.47691 27.4663 504.413
11 0.960313 3.54293 5.47704 27.6932 504.555
10 0.962345 3.53603 5.4778 27.1718 504.387
13 0.963596 3.55302 5.47534 26.8425 504.38
12 0.965972 3.53356 5.4746 27.9094 504.631
14 0.963333 3.5509 5.47611 26.4226 504.623
15 0.970455 3.54872 5.47479 27.629 504.65
