0 0.989723 3.84504 5.59904 12.8063 633.254
1 0.989723 3.84504 5.59904 12.8063 633.254
2 0.991244 3.83011 5.59457 12.8596 633.717
3 0.986615 3.83845 5.59852 12.6611 633.399
5 0.989542 3.84339 5.59728 12.3028 633.417
4 0.984113 3.82208 5.59932 13.0034 633.549
6 0.982548 3.84664 5.59818 12.1798 633.475
7 0.985211 3.82623 5.59894 12.7971 633.282
8 0.978047 3.84709 5.60055 12.0996 633.176
9 0.98229 3.85098 5.60245 11.871 632.866
10 0.98057 3.8307 5.59933 12.6022 633.127
11 0.990926 3.84744 5.59549 12.4239 633.513
12 0.985912 3.83577 5.60091 12.6958 633.347
13 0.985606 3.84721 5.59726 12.1165 633.351
14 0.988191 3.84277 5.59832 12.5347 633.348
15 0.99181 3.83921 5.599 12.6564 632.958
