0 0.74491 2.55343 5.20876 134.601 404.255
1 0.74491 2.55343 5.20876 134.601 404.255
2 0.744575 2.55186 5.20732 134.448 404.451
3 0.739591 2.55372 5.20675 135.841 404.278
4 0.742679 2.53054 5.20718 136.447 404.367
6 0.737342 2.53817 5.19947 134.663 404.655
5 0.744162 2.54049 5.20767 136.14 404.438
7 0.743363 2.53506 5.2046 137.173 404.957
8 0.739024 2.54085 5.2081 135.254 404.563
9 0.736639 2.5136 5.20641 137.067 404.624
10 0.742243 2.54569 5.20625 136.038 404.754
11 0.74006 2.55345 5.20462 135.146 404.754
12 0.743811 2.54933 5.20874 136.351 404.187
13 0.744025 2.54394 5.20265 136.811 404.797
14 0.740956 2.53869 5.20639 136.844 404.454
15 0.74644 2.51651 5.20624 137.759 404.638
