0 0.974339 3.38503 5.41581 27.2881 412.828
1 0.974339 3.38503 5.41581 27.2881 412.828
2 0.977202 3.39717 5.41781 26.6335 412.751
3 0.970853 3.3965 5.41804 26.7426 412.532
4 0.977456 3.38305 5.41598 28.3632 412.753
5 0.974935 3.38154 5.41686 28.7408 412.795
6 0.969503 3.37549 5.41942 27.971 412.845
7 0.981574 3.38609 5.41519 28.2606 412.85
8 0.971677 3.39601 5.41771 26.8066 412.822
9 0.964419 3.39143 5.41409 26.9651 412.494
10 0.971058 3.39721 5.41538 27.7649 412.47
11 0.973555 3.39449 5.41479 26.6464 412.687
12 0.97356 3.37964 5.41738 28.6923 412.731
13 0.974379 3.38629 5.41393 26.9759 412.996
14 0.974195 3.39763 5.41698 27.0084 412.596
15 0.980006 3.37121 5.41082 28.9956 412.661
