0 0.950925 2.9127 5.28345 47.55 316.263
1 0.950925 2.9127 5.28345 47.55 316.263
2 0.958968 2.93769 5.27879 45.4766 316.269
3 0.949037 2.95607 5.28007 44.2154 316.221
4 0.952858 2.94619 5.27842 45.1651 316.158
5 0.949717 2.91213 5.28182 48.6452 316.189
6 0.948897 2.94352 5.28123 45.4157 316.135
8 0.950228 2.97246 5.27879 42.7083 316.251
7 0.956141 2.93897 5.27647 45.411 316.44
9 0.944772 2.95494 5.28185 44.2119 316.268
10 0.948906 2.92934 5.27917 45.15 316.263
11 0.956472 2.93545 5.27607 46.0274 316.19
12 0.950603 2.91997 5.28259 47.3268 316.12
13 0.954179 2.95334 5.27669 45.0598 316.329
15 0.953208 2.91843 5.27809 46.383 316.302
14 0.948666 2.92952 5.27873 47.3399 316.07
