1 0.942884 3.36543 5.2269 42.0942 511.94
0 0.942884 3.36543 5.2269 42.0942 511.94
2 0.947161 3.33602 5.22339 42.8058 512.449
3 0.940307 3.37778 5.23034 41.2903 511.827
4 0.941288 3.35875 5.22811 41.9873 512.514
6 0.936095 3.35739 5.22596 41.4744 512.816
5 0.942811 3.36058 5.2315 42.1867 511.139
8 0.939083 3.36163 5.22886 42.1235 512.09
7 0.941354 3.36686 5.22582 40.9131 512.413
9 0.938847 3.37676 5.2288 41.0012 512.169
10 0.936549 3.36824 5.23335 41.2874 511.522
11 0.942021 3.35748 5.22486 40.2812 512.264
12 0.94232 3.34171 5.23029 42.3327 511.774
14 0.94425 3.36297 5.22743 42.0287 511.811
13 0.943849 3.36137 5.23262 42.8983 511.343
15 0.944514 3.31325 5.22743 44.4379 512.471
