0 0.984632 3.67412 5.59892 19.0386 550.93
1 0.984632 3.67412 5.59892 19.0386 550.93
2 0.983511 3.67187 5.59845 19.1907 550.998
3 0.975457 3.67806 5.60103 19.1405 550.879
4 0.98916 3.68862 5.59979 18.4545 550.986
5 0.985514 3.67196 5.59984 19.2839 551.174
6 0.975881 3.67848 5.59995 18.0602 550.925
8 0.976972 3.68676 5.59815 18.2017 551.094
7 0.991238 3.67737 5.58667 18.1937 551.466
9 0.975957 3.6772 5.59817 18.6733 550.991
11 0.98269 3.67466 5.60035 19.268 550.938
10 0.982699 3.68552 5.60035 18.4672 550.968
12 0.980584 3.67625 5.60105 18.2603 550.936
13 0.983454 3.67923 5.59816 18.3169 551.227
14 0.982652 3.68745 5.60207 18.5079 550.919
15 0.986558 3.65294 5.59837 20.119 551.113
