0 0.956369 3.516 5.2083 28.3027 494.552
1 0.956369 3.516 5.2083 28.3027 494.552
2 0.965108 3.53015 5.20619 28.2746 494.929
3 0.951875 3.52446 5.21015 28.8545 494.305
4 0.958868 3.51496 5.21172 28.8706 494.154
5 0.96083 3.53497 5.21435 28.0547 493.733
6 0.95132 3.51952 5.20986 27.7396 494.259
7 0.958332 3.50176 5.20321 28.1462 495.987
9 0.947649 3.50885 5.20697 29.2447 494.16
8 0.95365 3.53263 5.20626 26.9574 494.699
10 0.95498 3.52494 -nan 27.9206 494.67
12 0.953882 3.50996 5.20577 29.9604 494.98
13 0.957947 3.52886 5.21254 28.4867 494.249
11 0.958245 3.5264 5.20637 28.0427 494.501
14 0.95576 3.51232 5.20767 28.9161 494.997
15 0.958269 3.51499 5.20544 28.8379 494.757
