0 0.953291 2.8014 5.15893 49.4047 266.233
1 0.953291 2.8014 5.15893 49.4047 266.233
2 0.948703 2.81329 5.15908 48.1679 266.504
3 0.946826 2.81368 5.16393 47.4921 266.267
4 0.956445 2.79916 5.16146 49.5653 266.359
5 0.956639 2.78268 5.16254 50.457 266.234
6 0.946099 2.81475 5.16451 47.2921 266.246
7 0.957018 2.81002 5.16164 48.6449 266.395
8 0.950282 2.83738 5.16123 46.6401 266.167
9 0.943986 2.81606 5.16235 47.4925 266.424
10 0.949395 2.8074 5.16464 48.4996 266.306
11 0.95436 2.81901 5.16284 48.3001 266.375
12 0.954914 2.80254 5.1593 48.2898 266.355
13 0.951003 2.7948 5.1635 50.2049 266.252
14 0.952196 2.82745 5.16097 47.9306 266.252
15 0.954194 2.78256 5.16335 49.767 266.305
