0 0.988001 4.03766 5.26061 9.76523 576.851
1 0.988001 4.03766 5.26061 9.76523 576.851
2 0.989006 4.02667 5.26371 9.96519 576.884
3 0.987821 4.03823 5.26067 9.78641 577.04
4 0.98657 4.05212 5.26799 9.58547 576.308
5 0.991846 4.05341 5.26504 9.57509 576.379
6 0.97888 4.05943 5.26582 9.46166 576.219
7 0.985606 4.03677 5.26483 9.63667 576.274
8 0.977248 4.03988 5.26116 9.6072 576.901
9 0.981678 4.04787 5.26042 9.59375 576.231
10 0.982238 4.04205 5.26203 9.62567 576.641
11 0.982846 4.04311 5.26442 9.65594 576.704
13 0.984535 4.02943 5.26043 9.81312 577.141
12 0.987163 4.03904 5.262 9.71573 577.004
14 0.985531 4.03927 5.26242 9.65782 576.87
15 0.996352 4.05081 5.26578 9.69699 576.286
