0 0.973155 3.22055 5.75253 30.514 458.834
1 0.973155 3.22055 5.75253 30.514 458.834
2 0.978687 3.19885 5.74452 31.6949 459.23
4 0.975439 3.20838 5.7467 32.8072 459.192
3 0.976429 3.22304 5.75076 31.1656 459.028
5 0.982061 3.2125 5.75217 31.7106 459.01
6 0.972755 3.22243 5.75313 31.6202 458.95
7 0.980279 3.22261 5.74117 30.2024 459.276
8 0.977882 3.23089 5.75034 30.4831 459.042
9 0.972225 3.21755 5.74964 30.7682 458.999
10 0.973758 3.21625 5.74988 31.4385 459.095
11 0.9794 3.21468 5.75005 31.6471 458.952
13 0.979679 3.20496 5.7507 32.9556 459.022
12 0.981753 3.23042 5.74973 30.6109 459.035
14 0.97144 3.21486 5.75044 31.097 458.831
15 0.984395 3.19934 5.74719 33.7355 458.964
