0 0.926104 3.21464 5.30358 52.2945 505.026
1 0.926104 3.21464 5.30358 52.2945 505.026
2 0.925431 3.22531 5.30207 53.1235 504.725
3 0.915161 3.20158 5.30221 53.7846 505.242
4 0.920556 3.20158 5.30025 54.0453 505.103
5 0.923915 3.18736 5.30307 56.6008 504.875
6 0.92027 3.21391 5.30257 51.9617 505.026
7 0.924815 3.2016 5.30201 52.0763 505.407
8 0.920642 3.22614 -nan 53.5505 504.496
9 0.912817 3.20797 5.30843 53.6063 504.372
10 0.922195 3.21405 5.3076 52.7562 504.441
11 0.931053 3.20373 5.29565 53.5714 505.645
13 0.921563 3.21018 5.30463 54.5342 504.936
12 0.924591 3.19584 5.30186 54.6252 504.908
14 0.923073 3.22961 5.30333 52.4961 505.175
15 0.921479 3.19689 5.30184 54.3352 505.431
