1 0.923845 3.01953 5.21324 54.619 427.244
0 0.923845 3.01953 5.21324 54.619 427.244
2 0.926008 2.99583 5.21384 55.6238 427.115
3 0.924862 3.01442 5.2112 55.6287 427.021
4 0.928022 2.99133 5.20562 54.2297 428.047
5 0.926688 2.98276 5.21449 57.826 427.252
6 0.920969 3.02497 5.21174 54.3557 427.429
7 0.932284 3.00902 5.21324 54.3286 427.418
8 0.922422 3.00639 5.20711 54.5409 427.798
9 0.921759 3.02464 5.21269 52.376 427.316
10 0.923825 3.00588 5.20959 54.804 427.598
11 0.924436 2.98323 5.20848 56.3951 427.504
12 0.924976 3.00919 5.21391 54.8554 427.057
13 0.92692 3.00674 5.21183 55.031 427.31
14 0.92803 3.02365 5.21064 53.0453 427.607
15 0.926784 3.00048 5.21214 55.7998 427.278
