0 0.943259 3.58222 5.3198 35.9823 519.138
1 0.943259 3.58222 5.3198 35.9823 519.138
2 0.947033 3.57979 5.316 35.2114 519.896
4 0.945028 3.5854 5.319 36.9588 519.29
3 0.946009 3.60079 5.31952 35.1183 519.284
5 0.941724 3.56944 5.31701 36.9592 519.616
6 0.936976 3.58843 5.32076 34.6473 519.297
7 0.94717 3.58375 5.31651 34.7553 519.677
8 0.943998 3.59686 5.31727 34.9327 519.5
10 0.944431 3.59169 5.31987 35.4462 519.204
11 0.943958 3.59297 5.32084 36.3277 519.179
9 0.937929 3.58927 5.32012 35.425 519.214
12 0.946418 3.58465 5.32008 36.6516 519.068
14 0.950466 3.59489 5.31864 34.7399 519.474
13 0.94817 3.59089 5.31937 34.6262 519.109
15 0.947193 3.57823 5.32067 37.0152 519.209
