0 0.930997 2.93581 5.43374 54.3393 358.196
1 0.930997 2.93581 5.43374 54.3393 358.196
2 0.933264 2.92344 5.43204 55.9926 358.372
3 0.92284 2.93173 5.43313 55.2737 358.335
4 0.933479 2.92969 5.43377 55.7947 358.581
5 0.93126 2.91139 5.43728 58.721 358.065
6 0.920356 2.93814 5.43359 53.296 358.461
8 0.926418 2.95454 5.43321 52.3478 358.459
7 0.930892 2.92824 5.43601 56.4285 358.186
9 0.928633 2.93772 5.4342 54.8022 358.418
10 0.924526 2.92891 5.43616 55.642 358.281
11 0.928522 2.95068 5.43515 55.1396 358.125
12 0.930822 2.93153 5.43322 55.514 358.363
13 0.930459 2.92349 5.43266 56.2428 358.483
14 0.932456 2.94915 5.43393 54.8299 358.254
15 0.934073 2.92219 5.4324 56.6626 358.229
