0 0.95064 3.12508 5.24955 41.5152 350.453
1 0.95064 3.12508 5.24955 41.5152 350.453
2 0.955992 3.1271 5.24381 40.8567 350.443
3 0.949435 3.12435 5.24528 39.9103 350.267
5 0.956492 3.1023 5.24818 41.6298 350.314
4 0.953572 3.12705 5.25027 41.5977 350.056
7 0.951608 3.10919 5.24617 41.4375 350.412
6 0.945076 3.12361 5.24818 40.8355 350.201
8 0.950246 3.13426 5.24568 40.5057 350.393
9 0.950013 3.14122 5.24386 39.1777 350.561
10 0.951709 3.11699 5.24416 41.0716 350.576
11 0.955258 3.11613 5.24746 42.0819 350.077
12 0.95531 3.11345 5.25138 42.2013 350.204
13 0.952436 3.12113 5.25213 41.0818 350.016
14 0.955536 3.1121 5.24329 41.9463 350.414
15 0.958889 3.10781 5.24205 42.0891 350.331
