0 0.956499 3.48965 5.50574 35.9151 557.312
2 0.960473 3.48298 5.50179 34.4389 557.59
1 0.956499 3.48965 5.50574 35.9151 557.312
4 0.953251 3.48244 5.50863 34.7737 557.223
3 0.961761 3.5079 5.50254 34.084 557.407
5 0.957459 3.48016 5.50697 35.6274 557.268
6 0.946747 3.47045 5.51025 36.3897 557.081
7 0.95854 3.48416 5.50442 36.4035 557.332
9 0.950038 3.49206 5.50608 34.0816 557.333
8 0.955768 3.5095 5.50608 34.2353 557.314
12 0.956501 3.48442 5.50549 34.9132 557.206
10 0.954962 3.4874 5.50559 35.2586 557.377
11 0.957004 3.5126 5.50801 34.3208 557.293
13 0.95631 3.49927 -nan 34.811 557.175
14 0.951832 3.48497 5.50926 35.2259 557.105
15 0.962943 3.4651 -nan 37.1819 557.032
