0 0.978315 3.65211 5.33361 16.3557 440.463
2 0.979772 3.62132 5.32754 17.878 440.323
1 0.978315 3.65211 5.33361 16.3557 440.463
3 0.982017 3.63952 5.3326 17.4317 440.517
4 0.978329 3.65305 5.32877 16.795 440.308
5 0.981318 3.63256 5.33483 18.7075 440.17
6 0.974781 3.64372 5.33194 16.7854 440.462
7 0.981377 3.63972 5.32648 16.5907 440.388
8 0.973121 3.64345 5.33474 17.0567 440.376
10 0.973926 3.63491 5.33662 17.5423 439.761
9 0.974161 3.62375 5.3322 18.0016 440.493
11 0.981665 3.63735 5.33293 17.3502 440.577
12 0.986148 3.64503 5.3315 17.5128 440.622
14 0.978772 3.64751 5.32581 16.8824 440.456
13 0.978458 3.602 5.3322 18.5913 440.525
15 0.98719 3.61726 5.33159 18.848 440.591
