0 0.978507 3.90379 5.25575 18.1033 583.095
1 0.978507 3.90379 5.25575 18.1033 583.095
2 0.979849 3.90933 5.25879 18.874 582.682
3 0.977716 3.90455 5.25856 18.5809 582.676
4 0.98162 3.8921 5.25905 19.0297 582.56
5 0.986663 3.89423 5.25739 18.6038 583.069
6 0.973093 3.90175 5.25817 18.6147 582.813
7 0.984237 3.91492 5.25611 17.824 583.091
8 0.975478 3.90876 5.2596 17.4754 582.675
9 0.970739 3.87393 5.25914 19.2958 582.529
10 0.977033 3.90968 5.25881 17.348 582.701
12 0.976951 3.89689 5.25737 19.284 582.822
11 0.979905 3.91038 5.25842 18.3277 582.883
13 0.980413 3.89413 5.25801 19.3606 582.773
15 0.984575 3.89279 5.25925 19.5045 582.421
14 0.977775 3.90498 5.2612 18.8906 582.512
