0 0.95752 3.45563 5.52142 29.0683 526.246
1 0.95752 3.45563 5.52142 29.0683 526.246
2 0.969477 3.46491 5.51625 27.8334 526.492
3 0.95863 3.46547 5.51993 28.9086 526.131
4 0.964994 3.46612 5.51992 28.9297 526.301
5 0.964378 3.45736 5.51449 28.5128 526.554
7 0.962406 3.45401 5.51883 29.9095 526.5
6 0.953512 3.47752 5.52187 27.4688 526.272
8 0.960314 3.46893 5.51927 27.8446 526.387
9 0.956397 3.46875 5.52085 27.4813 526.191
10 0.960885 3.4635 5.51998 28.3307 526.133
11 0.965948 3.45418 5.5175 28.642 526.482
12 0.961115 3.46762 5.51174 28.5806 526.299
13 0.967204 3.4723 5.51632 27.6793 526.495
14 0.959983 3.45967 5.51871 29.3692 526.211
15 0.963113 3.42868 5.5214 30.9629 526.069
