0 0.910105 2.83484 5.51853 63.3839 376.978
1 0.910105 2.83484 5.51853 63.3839 376.978
2 0.914037 2.83301 5.51726 64.874 377.121
3 0.910044 2.81867 5.51601 66.1448 377.198
4 0.915196 2.80819 5.51854 66.8138 377.007
5 0.911798 2.81602 5.51898 65.7416 376.944
6 0.910441 2.83724 5.516 63.5322 376.987
7 0.917045 2.83502 5.51945 62.6363 376.926
8 0.910815 2.85392 5.51571 61.9721 377.134
9 0.909691 2.83393 5.51969 65.052 376.888
10 0.907672 2.82323 5.51006 64.8775 377.074
11 0.909066 2.83883 5.51527 63.0595 377.182
12 0.915205 2.83845 5.51722 64.6798 376.977
15 0.915934 2.82576 5.51815 65.4418 376.977
14 0.911027 2.8097 5.52046 65.7163 376.939
13 0.911476 2.82004 5.51492 63.955 377.145
