0 0.937962 3.41215 5.27961 45.104 494.951
1 0.937962 3.41215 5.27961 45.104 494.951
3 0.935137 3.40896 5.27645 43.1565 495.818
2 0.937817 3.40927 5.27672 42.2714 495.059
4 0.938897 3.38034 5.2783 45.5514 495.562
6 0.929531 3.39978 5.28058 43.5789 494.891
5 0.934606 3.40948 5.28049 44.3863 494.755
7 0.939532 3.40409 5.27523 43.6633 495.566
8 0.933848 3.43087 5.2748 40.6677 495.567
9 0.926554 3.41292 5.28428 43.5559 494.549
10 0.931987 3.42707 5.28156 41.2142 495.196
11 0.9384 3.40859 5.27889 44.5953 494.935
12 0.935756 3.42711 5.2831 42.5672 494.73
14 0.935266 3.42742 5.27998 42.4362 495.145
13 0.933775 3.407 5.2793 43.5283 495.111
15 0.940901 3.38885 5.27558 45.0925 495.036
