0 0.913331 3.17406 5.33326 50.7131 434.072
1 0.913331 3.17406 5.33326 50.7131 434.072
2 0.91939 3.18033 5.33202 49.6073 434.33
3 0.915092 3.17534 5.33259 50.4235 434.316
4 0.920326 3.17299 5.32944 50.051 434.7
5 0.917875 3.17168 5.33219 51.3271 433.871
6 0.913509 3.16821 5.32909 51.2709 434.471
7 0.91789 3.18352 5.33002 51.0624 434.508
8 0.914357 3.19278 5.32859 48.6147 434.239
9 0.912628 3.18686 5.33551 49.4903 434.15
11 0.917784 3.17159 5.32622 51.673 434.491
12 0.916144 3.16949 5.33112 51.6923 434.254
10 0.914762 3.1917 5.33023 49.1235 434.096
13 0.915018 3.16987 5.32552 50.8732 434.511
14 0.922032 3.19843 5.33028 49.3702 434.513
15 0.921723 3.17024 5.33214 51.105 434.373
