0 0.983864 3.40032 5.40249 21.1197 390.244
1 0.983864 3.40032 5.40249 21.1197 390.244
2 0.986615 3.39132 5.40184 21.8939 390.315
3 0.982645 3.39718 5.40226 21.0825 390.441
4 0.981454 3.39655 5.4018 21.6128 390.453
5 0.988178 3.36832 5.40134 22.9082 390.511
6 0.977006 3.38421 5.39981 21.6078 390.571
7 0.984588 3.38852 5.40114 22.3204 390.467
8 0.977349 3.38804 5.40032 21.6543 390.637
9 0.975862 3.40024 5.40384 21.0415 390.267
11 0.981039 3.39038 5.40005 21.7077 390.584
10 0.980128 3.38454 5.39987 21.8261 390.543
12 0.986495 3.40265 5.40114 21.3111 390.469
13 0.98741 3.41879 5.39819 20.5129 390.674
14 0.983721 3.40211 5.40127 21.6293 390.454
15 0.989886 3.37736 5.39943 22.349 390.506
