0 0.944416 3.45224 5.22639 39.3357 521.605
1 0.944416 3.45224 5.22639 39.3357 521.605
2 0.940837 3.41591 5.22303 41.9504 521.76
3 0.939692 3.4627 5.22957 38.8642 521.17
4 0.942354 3.4577 5.22761 38.795 521.383
6 0.941671 3.4608 5.22778 38.2267 521.266
5 0.94316 3.41655 5.22381 41.7461 521.82
7 0.946216 3.45173 5.22705 40.1825 520.956
8 0.941209 3.44491 5.22587 39.5781 521.59
9 0.940242 3.4912 5.23188 35.2963 520.99
10 0.942889 3.47539 5.22911 38.904 521.132
11 0.947864 3.43473 5.2252 40.7445 521.633
12 0.943819 3.45803 5.22691 38.782 521.642
13 0.945065 3.46484 5.2213 39.1758 521.916
14 0.945335 3.44901 5.22448 39.8117 521.859
15 0.945294 3.40499 5.2209 41.7611 522.169
