0 0.952671 3.08102 5.29431 44.4804 433.32
2 0.951443 3.08032 5.29203 44.9008 433.485
1 0.952671 3.08102 5.29431 44.4804 433.32
3 0.948271 3.08629 5.29621 43.0939 433.358
4 0.95139 3.07139 5.29513 45.281 433.524
6 0.943979 3.08666 5.29933 43.2698 432.998
5 0.948241 3.07823 5.29531 43.947 433.086
7 0.953423 3.09264 5.29499 43.8046 433.514
8 0.948214 3.08713 5.29443 42.2907 433.256
10 0.946049 3.0702 5.29205 43.7854 433.503
9 0.944945 3.09339 5.29808 43.9025 432.701
11 0.949623 3.08007 5.29633 43.4621 433.286
12 0.95339 3.06262 5.29406 46.3727 433.257
13 0.949906 3.06237 5.29321 44.9383 433.396
15 0.954222 3.058 5.29379 45.816 433.161
14 0.953574 3.09886 5.29294 42.5799 433.609
