0 0.903529 3.13036 5.27414 59.9145 368.098
1 0.903529 3.13036 5.27414 59.9145 368.098
2 0.907713 3.13868 5.27002 59.292 368.444
3 0.896788 3.13444 5.27321 59.8894 367.872
4 0.901117 3.12726 5.27606 60.5782 368.093
5 0.900277 3.10418 5.27506 62.7023 367.907
6 0.896521 3.13199 5.27501 60.4434 368.047
7 0.907328 3.12448 5.26998 60.4788 368.337
8 0.900971 3.1385 5.27199 59.2568 368.263
9 0.896675 3.12644 5.27541 61.5219 367.916
10 0.900203 3.11757 5.27625 61.3586 367.988
11 0.906801 3.10372 5.27114 60.3571 368.219
13 0.906275 3.11043 5.27033 62.249 368.332
12 0.901455 3.12198 5.27698 61.6284 367.874
14 0.896302 3.12564 5.27436 60.0933 367.971
15 0.908399 3.10603 5.27414 61.8389 367.994
