0 0.821956 3.49574 5.19546 82.8388 574.984
1 0.821956 3.49574 5.19546 82.8388 574.984
2 0.828299 3.49178 5.18617 82.5845 576.14
3 0.821854 3.49936 5.19575 82.9631 575.202
4 0.828299 3.50042 5.18998 83.0725 575.882
5 0.828334 3.48127 5.19038 85.5336 575.944
6 0.816853 3.48739 5.1939 82.4 575.454
7 0.824261 3.48352 5.18853 84.807 575.857
8 0.823841 3.50359 5.18554 81.722 576.13
9 0.817742 3.49482 5.19432 82.8838 575.451
10 0.822496 3.49941 5.19038 82.2454 575.727
11 0.825332 3.4966 5.19089 82.673 575.919
12 0.824702 3.48875 5.1938 82.8445 575.487
13 0.823446 3.47762 5.18811 84.6263 576.053
14 0.821632 3.46148 5.18876 85.6239 576.052
15 0.833232 3.49917 5.1919 83.4436 575.738
