0 0.966118 3.3929 5.58766 33.2184 492.769
1 0.966118 3.3929 5.58766 33.2184 492.769
2 0.967898 3.40486 5.58578 31.1 492.687
5 0.968776 3.38817 5.58464 32.8932 492.863
3 0.964701 3.41219 5.59082 32.2782 492.55
4 0.974772 3.4178 5.58451 31.6072 492.626
6 0.959881 3.41895 5.59126 31.2404 492.227
7 0.96764 3.40102 5.58668 31.8939 492.83
8 0.960612 3.41663 5.58829 30.9282 492.727
10 0.963717 3.41893 5.58368 31.2298 492.875
9 0.957608 3.39672 5.58935 31.5905 492.278
11 0.969355 3.40801 5.58527 32.4765 492.813
12 0.960637 3.39636 5.59032 32.7425 492.703
13 0.967554 3.41082 5.5858 31.2854 492.784
14 0.963426 3.40707 5.5912 32.3304 492.365
15 0.969991 3.39197 5.58971 32.7946 492.304
