7.615943654755217077e-03
1.255658701164317527e-02
1.936725367456782268e-02
2.794578332309982996e-02
3.772473606013420494e-02
4.764600154646474184e-02
5.631152914793741832e-02
6.230967817913691392e-02
6.463436818659086536e-02
6.305480481933982417e-02
5.829079683810647894e-02
5.190370764317420171e-02
4.589806962527738510e-02
4.211634893003342317e-02
4.159199684480759801e-02
4.409516637498382685e-02
4.811231028013755739e-02
5.137145869087671873e-02
5.175625623240447809e-02
4.818917624113105286e-02
4.102555291544474764e-02
3.176858702164486736e-02
2.231838319760127282e-02
1.420677290851096730e-02
8.188730652195328960e-03
