0 0
1
0
1.000000
0 1
1
1
0.999998
1 0 1
0 2
1
1
0.999998
2 0 2
0 3
1
1
0.999998
3 0 3
0 4
2
1
0.952459
4 0 4
2
0.047420
1 0 1
1 2 4
0 5
2
1
0.017986
5 0 5
1
0.981992
1 4 5
0 6
4
1
0.004889
6 0 6
1
0.266929
2 4 6
1
0.725589
1 6 6
2
0.001799
1 4 5
1 0 6
0 7
10
1
0.004793
7 0 7
1
0.711375
2 6 7
1
0.261700
3 4 7
2
0.001763
2 4 6
1 0 7
2
0.004793
1 6 6
1 0 7
2
0.001763
1 4 5
2 0 7
2
0.001763
2 4 6
1 2 7
2
0.004793
1 6 6
1 2 7
2
0.004793
1 6 6
1 4 7
2
0.001763
2 4 6
1 6 7
0 8
8
1
0.242469
8 0 8
2
0.242469
2 6 7
1 0 8
2
0.089199
3 4 7
1 0 8
2
0.089199
2 4 6
2 0 8
2
0.242469
1 6 6
2 0 8
2
0.089199
1 4 5
3 0 8
3
0.001634
1 6 6
1 2 7
1 0 8
3
0.001634
1 6 6
1 4 7
1 0 8
0 9
8
1
0.242466
9 0 9
2
0.242466
2 6 7
2 0 9
2
0.089198
3 4 7
2 0 9
2
0.089198
2 4 6
3 0 9
2
0.242466
1 6 6
3 0 9
2
0.089198
1 4 5
4 0 9
3
0.001634
1 6 6
1 2 7
2 0 9
3
0.001634
1 6 6
1 4 7
2 0 9
0 10
13
1
0.039194
10 0 10
2
0.289604
2 6 7
1 2 10
2
0.106539
3 4 7
1 2 10
3
0.001951
1 6 6
1 0 7
1 2 10
2
0.106539
2 4 6
2 2 10
2
0.289604
1 6 6
2 2 10
3
0.001951
1 6 6
1 4 7
1 2 10
2
0.039194
2 6 7
3 0 10
2
0.014419
3 4 7
3 0 10
2
0.014419
2 4 6
4 0 10
2
0.039194
1 6 6
4 0 10
2
0.014419
1 4 5
5 0 10
2
0.039194
1 0 1
4 2 10
0 11
3
1
0.960587
4 4 11
2
0.017594
2 6 7
1 4 11
2
0.017594
1 6 6
2 4 11
0 12
13
1
0.083835
12 0 12
2
0.619462
4 4 11
1 0 12
3
0.011346
2 6 7
1 4 11
1 0 12
3
0.011346
1 6 6
2 4 11
1 0 12
3
0.004174
2 6 7
1 2 10
2 0 12
3
0.001535
3 4 7
1 2 10
2 0 12
3
0.001535
2 4 6
2 2 10
2 0 12
3
0.004174
1 6 6
2 2 10
2 0 12
2
0.083835
2 6 7
5 0 12
2
0.030841
3 4 7
5 0 12
2
0.030841
2 4 6
6 0 12
2
0.083835
1 6 6
6 0 12
2
0.030841
1 4 5
7 0 12
0 13
13
1
0.006146
13 0 13
2
0.335540
2 6 7
2 2 13
2
0.123438
3 4 7
2 2 13
3
0.002261
1 6 6
1 0 7
2 2 13
2
0.123438
2 4 6
3 2 13
2
0.335540
1 6 6
3 2 13
3
0.002261
1 6 6
1 4 7
2 2 13
2
0.045410
4 4 11
2 0 13
2
0.006146
2 6 7
6 0 13
2
0.002261
3 4 7
6 0 13
2
0.002261
2 4 6
7 0 13
2
0.006146
1 6 6
7 0 13
2
0.002261
1 4 5
8 0 13
0 14
17
1
0.077359
14 0 14
3
0.028459
2 6 7
2 2 13
1 0 14
3
0.010469
3 4 7
2 2 13
1 0 14
3
0.010469
2 4 6
3 2 13
1 0 14
3
0.028459
1 6 6
3 2 13
1 0 14
2
0.571613
4 4 11
3 0 14
3
0.010469
2 6 7
1 4 11
3 0 14
3
0.010469
1 6 6
2 4 11
3 0 14
3
0.003852
2 6 7
1 2 10
4 0 14
3
0.001417
3 4 7
1 2 10
4 0 14
3
0.001417
2 4 6
2 2 10
4 0 14
3
0.003852
1 6 6
2 2 10
4 0 14
2
0.077359
2 6 7
7 0 14
2
0.028459
3 4 7
7 0 14
2
0.028459
2 4 6
8 0 14
2
0.077359
1 6 6
8 0 14
2
0.028459
1 4 5
9 0 14
0 15
19
1
0.071053
15 0 15
3
0.026139
2 6 7
2 2 13
2 0 15
3
0.009616
3 4 7
2 2 13
2 0 15
3
0.009616
2 4 6
3 2 13
2 0 15
3
0.026139
1 6 6
3 2 13
2 0 15
2
0.525014
4 4 11
4 0 15
3
0.009616
2 6 7
1 4 11
4 0 15
3
0.009616
1 6 6
2 4 11
4 0 15
3
0.003538
2 6 7
1 2 10
5 0 15
3
0.001301
3 4 7
1 2 10
5 0 15
3
0.001301
2 4 6
2 2 10
5 0 15
3
0.003538
1 6 6
2 2 10
5 0 15
2
0.071053
2 6 7
8 0 15
2
0.026139
3 4 7
8 0 15
2
0.026139
2 4 6
9 0 15
2
0.071053
1 6 6
9 0 15
2
0.026139
1 4 5
10 0 15
2
0.009616
5 4 16
1 1 15
2
0.071053
3 6 16
1 1 15
0 16
6
1
0.117883
5 4 16
1
0.871047
3 6 16
2
0.002159
3 4 7
1 6 16
2
0.002159
2 4 6
2 6 16
2
0.002159
2 6 7
2 4 16
2
0.002159
1 6 6
3 4 16
0 17
6
1
0.860167
4 6 17
1
0.116411
6 4 17
2
0.005796
3 6 16
1 0 17
2
0.005796
3 6 16
1 2 17
2
0.005796
3 6 16
1 4 17
2
0.002132
2 6 7
3 4 17
0 18
11
2
0.434214
4 6 17
1 0 18
2
0.058764
6 4 17
1 0 18
2
0.058764
5 4 16
2 0 18
2
0.434214
3 6 16
2 0 18
3
0.001076
3 4 7
1 6 16
2 0 18
3
0.001076
2 4 6
2 6 16
2 0 18
3
0.001076
2 6 7
2 4 16
2 0 18
3
0.001076
1 6 6
3 4 16
2 0 18
3
0.002926
3 6 16
1 2 17
1 0 18
3
0.002926
3 6 16
1 4 17
1 0 18
3
0.001076
2 6 7
3 4 17
1 0 18
0 19
11
2
0.434205
4 6 17
2 0 19
2
0.058763
6 4 17
2 0 19
2
0.058763
5 4 16
3 0 19
2
0.434205
3 6 16
3 0 19
3
0.001076
3 4 7
1 6 16
3 0 19
3
0.001076
2 4 6
2 6 16
3 0 19
3
0.001076
2 6 7
2 4 16
3 0 19
3
0.001076
1 6 6
3 4 16
3 0 19
3
0.002926
3 6 16
1 2 17
2 0 19
3
0.002926
3 6 16
1 4 17
2 0 19
3
0.001076
2 6 7
3 4 17
2 0 19
0 20
14
2
0.335517
4 6 17
1 2 20
2
0.045407
6 4 17
1 2 20
3
0.002261
3 6 16
1 0 17
1 2 20
2
0.045407
5 4 16
2 2 20
2
0.335517
3 6 16
2 2 20
2
0.045407
2 6 7
5 2 20
2
0.016704
3 4 7
5 2 20
2
0.016704
2 4 6
6 2 20
2
0.045407
1 6 6
6 2 20
3
0.002261
3 6 16
1 4 17
1 2 20
2
0.045407
4 6 17
3 0 20
2
0.006145
6 4 17
3 0 20
2
0.006145
5 4 16
4 0 20
2
0.045407
3 6 16
4 0 20
0 21
6
1
0.888744
7 4 21
2
0.044248
4 6 17
1 4 21
2
0.044248
3 6 16
2 4 21
2
0.016278
2 6 7
4 4 21
2
0.002203
4 6 17
4 0 21
2
0.002203
3 6 16
5 0 21
0 22
14
2
0.498157
7 4 21
1 0 22
3
0.024802
4 6 17
1 4 21
1 0 22
3
0.024802
3 6 16
2 4 21
1 0 22
3
0.009124
2 6 7
4 4 21
1 0 22
3
0.009124
4 6 17
1 2 20
2 0 22
3
0.001235
6 4 17
1 2 20
2 0 22
3
0.001235
5 4 16
2 2 20
2 0 22
3
0.009124
3 6 16
2 2 20
2 0 22
3
0.001235
2 6 7
5 2 20
2 0 22
3
0.001235
1 6 6
6 2 20
2 0 22
2
0.183262
4 6 17
5 0 22
2
0.024802
6 4 17
5 0 22
2
0.024802
5 4 16
6 0 22
2
0.183262
3 6 16
6 0 22
0 23
11
2
0.366107
4 6 17
2 2 23
2
0.049547
6 4 17
2 2 23
3
0.002467
3 6 16
1 0 17
2 2 23
2
0.049547
5 4 16
3 2 23
2
0.366107
3 6 16
3 2 23
2
0.049547
2 6 7
6 2 23
2
0.018227
3 4 7
6 2 23
2
0.018227
2 4 6
7 2 23
2
0.049547
1 6 6
7 2 23
3
0.002467
3 6 16
1 4 17
2 2 23
2
0.018227
7 4 21
2 0 23
0 24
4
1
0.047107
8 4 24
1
0.946171
5 6 24
2
0.002345
4 6 17
2 4 24
2
0.002345
3 6 16
3 4 24
1 0
1
1
1.000000
1 1 0
1 1
1
0
1.000000
1 2
1
1
0.999998
1 0 2
1 3
1
1
0.999981
2 0 3
1 4
2
1
0.119203
3 0 4
1
0.880797
1 2 4
1 5
2
1
0.952375
4 0 5
2
0.047416
1 2 4
1 0 5
1 6
3
1
0.047256
5 0 6
1
0.949161
2 2 6
2
0.002353
1 2 4
2 0 6
1 7
6
1
0.046320
6 0 7
1
0.930363
3 2 7
2
0.006269
2 2 6
1 0 7
2
0.002306
1 2 4
3 0 7
2
0.006269
2 2 6
1 4 7
2
0.006269
2 2 6
1 6 7
1 8
4
1
0.755992
7 0 8
2
0.102312
3 2 7
1 0 8
2
0.102312
2 2 6
2 0 8
2
0.037639
1 2 4
4 0 8
1 9
4
1
0.755800
8 0 9
2
0.102286
3 2 7
2 0 9
2
0.102286
2 2 6
3 0 9
2
0.037629
1 2 4
5 0 9
1 10
2
1
0.006667
9 0 10
1
0.989438
4 2 10
1 11
12
1
0.121465
10 0 11
2
0.330177
3 2 7
1 4 11
3
0.002225
2 2 6
1 0 7
1 4 11
2
0.330177
2 2 6
2 4 11
3
0.002225
2 2 6
1 6 7
1 4 11
2
0.121465
4 2 10
1 0 11
2
0.016439
3 2 7
4 0 11
2
0.016439
2 2 6
5 0 11
2
0.006047
1 2 4
7 0 11
2
0.016439
6 0 7
1 4 11
2
0.016439
5 0 6
2 4 11
2
0.016439
4 0 5
3 4 11
1 12
8
1
0.422670
11 0 12
3
0.007741
3 2 7
1 4 11
1 0 12
3
0.007741
2 2 6
2 4 11
1 0 12
2
0.422670
4 2 10
2 0 12
2
0.057202
3 2 7
5 0 12
2
0.057202
2 2 6
6 0 12
2
0.021044
1 2 4
8 0 12
2
0.001048
5 2 13
1 1 12
1 13
1
1
0.996040
5 2 13
1 14
8
1
0.102430
13 0 14
2
0.756860
5 2 13
1 0 14
3
0.001876
3 2 7
1 4 11
3 0 14
3
0.001876
2 2 6
2 4 11
3 0 14
2
0.102430
4 2 10
4 0 14
2
0.013862
3 2 7
7 0 14
2
0.013862
2 2 6
8 0 14
2
0.005100
1 2 4
10 0 14
1 15
9
1
0.102212
14 0 15
2
0.755250
5 2 13
2 0 15
3
0.001872
3 2 7
1 4 11
4 0 15
3
0.001872
2 2 6
2 4 11
4 0 15
2
0.102212
4 2 10
5 0 15
2
0.013833
3 2 7
8 0 15
2
0.013833
2 2 6
9 0 15
2
0.005089
1 2 4
11 0 15
2
0.001872
6 2 16
1 1 15
1 16
5
1
0.877989
6 2 16
2
0.043713
3 2 7
1 6 16
2
0.043713
2 2 6
2 6 16
2
0.016081
3 2 7
2 4 16
2
0.016081
2 2 6
3 4 16
1 17
5
1
0.948361
7 2 17
2
0.006390
6 2 16
1 0 17
2
0.006390
6 2 16
1 4 17
2
0.017370
3 2 7
3 4 17
2
0.017370
2 2 6
4 4 17
1 18
14
1
0.007767
17 0 18
2
0.424067
7 2 17
1 0 18
2
0.424067
6 2 16
2 0 18
3
0.021113
3 2 7
1 6 16
2 0 18
3
0.021113
2 2 6
2 6 16
2 0 18
3
0.007767
3 2 7
2 4 16
2 0 18
3
0.007767
2 2 6
3 4 16
2 0 18
2
0.057391
5 2 13
5 0 18
2
0.007767
4 2 10
8 0 18
2
0.001051
3 2 7
11 0 18
2
0.001051
2 2 6
12 0 18
3
0.002857
6 2 16
1 4 17
1 0 18
3
0.007767
3 2 7
3 4 17
1 0 18
3
0.007767
2 2 6
4 4 17
1 0 18
1 19
15
1
0.007759
18 0 19
2
0.423621
7 2 17
2 0 19
2
0.423621
6 2 16
3 0 19
3
0.021091
3 2 7
1 6 16
3 0 19
3
0.021091
2 2 6
2 6 16
3 0 19
3
0.007759
3 2 7
2 4 16
3 0 19
3
0.007759
2 2 6
3 4 16
3 0 19
2
0.057331
5 2 13
6 0 19
2
0.007759
4 2 10
9 0 19
2
0.001050
3 2 7
12 0 19
2
0.001050
2 2 6
13 0 19
3
0.002854
6 2 16
1 4 17
2 0 19
3
0.007759
3 2 7
3 4 17
2 0 19
3
0.007759
2 2 6
4 4 17
2 0 19
2
0.001050
8 2 20
1 1 19
1 20
1
1
0.996417
8 2 20
1 21
11
2
0.123539
7 2 17
1 4 21
2
0.123539
6 2 16
2 4 21
3
0.006151
3 2 7
1 6 16
2 4 21
3
0.006151
2 2 6
2 6 16
2 4 21
2
0.335813
3 2 7
4 4 21
3
0.002263
2 2 6
1 0 7
4 4 21
2
0.335813
2 2 6
5 4 21
3
0.002263
2 2 6
1 6 7
4 4 21
2
0.045447
8 2 20
1 0 21
2
0.006151
7 2 17
4 0 21
2
0.006151
6 2 16
5 0 21
1 22
17
1
0.001700
21 0 22
3
0.012564
7 2 17
1 4 21
1 0 22
3
0.012564
6 2 16
2 4 21
1 0 22
3
0.034152
3 2 7
4 4 21
1 0 22
3
0.034152
2 2 6
5 4 21
1 0 22
2
0.685953
8 2 20
2 0 22
2
0.092834
7 2 17
5 0 22
2
0.092834
6 2 16
6 0 22
3
0.004622
3 2 7
1 6 16
6 0 22
3
0.004622
2 2 6
2 6 16
6 0 22
3
0.001700
3 2 7
2 4 16
6 0 22
3
0.001700
2 2 6
3 4 16
6 0 22
2
0.012564
5 2 13
9 0 22
2
0.001700
4 2 10
12 0 22
3
0.001700
3 2 7
3 4 17
5 0 22
3
0.001700
2 2 6
4 4 17
5 0 22
2
0.001700
9 2 23
1 1 22
1 23
1
1
0.997233
9 2 23
1 24
15
2
0.249192
7 2 17
1 6 24
3
0.001679
6 2 16
1 0 17
1 6 24
3
0.001679
6 2 16
1 4 17
1 6 24
3
0.004564
3 2 7
3 4 17
1 6 24
3
0.004564
2 2 6
4 4 17
1 6 24
2
0.091672
7 2 17
2 4 24
2
0.091672
6 2 16
3 4 24
3
0.004564
3 2 7
1 6 16
3 4 24
3
0.004564
2 2 6
2 6 16
3 4 24
2
0.249192
3 2 7
5 4 24
3
0.001679
2 2 6
1 0 7
5 4 24
2
0.249192
2 2 6
6 4 24
3
0.001679
2 2 6
1 6 7
5 4 24
2
0.033724
9 2 23
1 0 24
2
0.004564
8 2 20
4 0 24
2 0
1
1
1.000000
2 1 0
2 1
1
1
0.999998
1 1 1
2 2
1
0
1.000000
2 3
1
1
0.999998
1 0 3
2 4
1
1
0.999981
2 0 4
2 5
1
1
0.999995
3 0 5
2 6
3
1
0.975506
4 0 6
2
0.017867
2 0 4
1 2 6
2
0.006573
3 0 5
1 4 6
2 7
6
1
0.956185
5 0 7
2
0.006443
4 0 6
1 2 7
2
0.017513
2 0 4
2 2 7
2
0.006443
4 0 6
1 4 7
2
0.006443
3 0 5
2 4 7
2
0.006443
4 0 6
1 6 7
2 8
1
1
0.999523
6 0 8
2 9
1
1
0.999523
7 0 9
2 10
4
1
0.808365
8 0 10
2
0.040246
5 0 7
1 2 10
2
0.040246
4 0 6
2 2 10
2
0.109400
2 0 4
3 2 10
2 11
6
1
0.706783
9 0 11
2
0.095653
5 0 7
1 4 11
3
0.001752
2 0 4
2 2 7
1 4 11
2
0.095653
4 0 6
2 4 11
3
0.001752
2 0 4
1 2 6
2 4 11
2
0.095653
3 0 5
3 4 11
2 12
1
1
0.995221
10 0 12
2 13
5
1
0.356794
11 0 13
2
0.017764
8 0 10
1 2 13
2
0.131257
5 0 7
2 2 13
2
0.131257
4 0 6
3 2 13
2
0.356794
2 0 4
4 2 13
2 14
4
1
0.983434
12 0 14
3
0.002438
5 0 7
2 2 13
1 0 14
3
0.002438
4 0 6
3 2 13
1 0 14
3
0.006626
2 0 4
4 2 13
1 0 14
2 15
4
1
0.983268
13 0 15
3
0.002437
5 0 7
2 2 13
2 0 15
3
0.002437
4 0 6
3 2 13
2 0 15
3
0.006625
2 0 4
4 2 13
2 0 15
2 16
19
1
0.012709
14 0 16
2
0.255259
5 0 7
1 6 16
3
0.001720
4 0 6
1 2 7
1 6 16
3
0.004675
2 0 4
2 2 7
1 6 16
3
0.001720
4 0 6
1 4 7
1 6 16
3
0.001720
3 0 5
2 4 7
1 6 16
2
0.255259
4 0 6
2 6 16
3
0.004675
2 0 4
1 2 6
2 6 16
3
0.001720
3 0 5
1 4 6
2 6 16
2
0.004675
9 0 11
1 4 16
2
0.093905
5 0 7
2 4 16
3
0.001720
2 0 4
2 2 7
2 4 16
2
0.093905
4 0 6
3 4 16
3
0.001720
2 0 4
1 2 6
3 4 16
2
0.093905
3 0 5
4 4 16
2
0.004675
8 0 10
2 2 16
2
0.034546
5 0 7
3 2 16
2
0.034546
4 0 6
4 2 16
2
0.093905
2 0 4
5 2 16
2 17
26
1
0.062815
15 0 17
3
0.008501
5 0 7
1 6 16
1 0 17
3
0.008501
4 0 6
2 6 16
1 0 17
3
0.003127
5 0 7
2 4 16
1 0 17
3
0.003127
4 0 6
3 4 16
1 0 17
3
0.003127
3 0 5
4 4 16
1 0 17
3
0.001151
5 0 7
3 2 16
1 0 17
3
0.001151
4 0 6
4 2 16
1 0 17
3
0.003127
2 0 4
5 2 16
1 0 17
3
0.008501
5 0 7
1 6 16
1 2 17
3
0.008501
4 0 6
2 6 16
1 2 17
3
0.003127
5 0 7
2 4 16
1 2 17
3
0.003127
4 0 6
3 4 16
1 2 17
3
0.003127
3 0 5
4 4 16
1 2 17
2
0.003127
11 0 13
2 2 17
2
0.023109
8 0 10
3 2 17
2
0.170750
5 0 7
4 2 17
2
0.170750
4 0 6
5 2 17
2
0.464147
2 0 4
6 2 17
3
0.001151
3 0 5
1 4 6
5 2 17
3
0.001151
4 0 6
1 4 7
4 2 17
3
0.001151
3 0 5
2 4 7
4 2 17
3
0.001151
4 0 6
1 6 7
4 2 17
3
0.008501
5 0 7
1 6 16
1 4 17
3
0.008501
4 0 6
2 6 16
1 4 17
2
0.023109
9 0 11
2 4 17
2 18
19
1
0.617143
16 0 18
3
0.083521
5 0 7
1 6 16
2 0 18
3
0.083521
4 0 6
2 6 16
2 0 18
3
0.001530
9 0 11
1 4 16
2 0 18
3
0.030726
5 0 7
2 4 16
2 0 18
3
0.030726
4 0 6
3 4 16
2 0 18
3
0.030726
3 0 5
4 4 16
2 0 18
3
0.001530
8 0 10
2 2 16
2 0 18
3
0.011303
5 0 7
3 2 16
2 0 18
3
0.011303
4 0 6
4 2 16
2 0 18
3
0.030726
2 0 4
5 2 16
2 0 18
3
0.001530
5 0 7
2 2 13
5 0 18
3
0.001530
4 0 6
3 2 13
5 0 18
3
0.004158
2 0 4
4 2 13
5 0 18
3
0.001530
8 0 10
3 2 17
1 0 18
3
0.011303
5 0 7
4 2 17
1 0 18
3
0.011303
4 0 6
5 2 17
1 0 18
3
0.030726
2 0 4
6 2 17
1 0 18
3
0.001530
9 0 11
2 4 17
1 0 18
2 19
19
1
0.617058
17 0 19
3
0.083510
5 0 7
1 6 16
3 0 19
3
0.083510
4 0 6
2 6 16
3 0 19
3
0.001530
9 0 11
1 4 16
3 0 19
3
0.030722
5 0 7
2 4 16
3 0 19
3
0.030722
4 0 6
3 4 16
3 0 19
3
0.030722
3 0 5
4 4 16
3 0 19
3
0.001530
8 0 10
2 2 16
3 0 19
3
0.011302
5 0 7
3 2 16
3 0 19
3
0.011302
4 0 6
4 2 16
3 0 19
3
0.030722
2 0 4
5 2 16
3 0 19
3
0.001530
5 0 7
2 2 13
6 0 19
3
0.001530
4 0 6
3 2 13
6 0 19
3
0.004158
2 0 4
4 2 13
6 0 19
3
0.001530
8 0 10
3 2 17
2 0 19
3
0.011302
5 0 7
4 2 17
2 0 19
3
0.011302
4 0 6
5 2 17
2 0 19
3
0.030722
2 0 4
6 2 17
2 0 19
3
0.001530
9 0 11
2 4 17
2 0 19
2 20
17
1
0.009693
18 0 20
3
0.009693
5 0 7
1 6 16
2 2 20
3
0.009693
4 0 6
2 6 16
2 2 20
3
0.003566
5 0 7
2 4 16
2 2 20
3
0.003566
4 0 6
3 4 16
2 2 20
3
0.003566
3 0 5
4 4 16
2 2 20
2
0.003566
11 0 13
3 2 20
2
0.026349
8 0 10
4 2 20
2
0.194692
5 0 7
5 2 20
2
0.194692
4 0 6
6 2 20
2
0.529229
2 0 4
7 2 20
3
0.001312
3 0 5
1 4 6
6 2 20
3
0.001312
4 0 6
1 4 7
5 2 20
3
0.001312
3 0 5
2 4 7
5 2 20
3
0.001312
4 0 6
1 6 7
5 2 20
3
0.001312
5 0 7
1 6 16
4 0 20
3
0.001312
4 0 6
2 6 16
4 0 20
2 21
22
1
0.058546
19 0 21
2
0.007923
15 0 17
1 4 21
3
0.002915
8 0 10
3 2 17
1 4 21
3
0.021538
5 0 7
4 2 17
1 4 21
3
0.021538
4 0 6
5 2 17
1 4 21
3
0.058546
2 0 4
6 2 17
1 4 21
2
0.007923
14 0 16
2 4 21
3
0.159144
5 0 7
1 6 16
2 4 21
3
0.159144
4 0 6
2 6 16
2 4 21
2
0.432600
9 0 11
3 4 21
3
0.001072
8 0 10
4 2 20
1 0 21
3
0.007923
5 0 7
5 2 20
1 0 21
3
0.007923
4 0 6
6 2 20
1 0 21
3
0.021538
2 0 4
7 2 20
1 0 21
3
0.007923
5 0 7
1 6 16
5 0 21
3
0.007923
4 0 6
2 6 16
5 0 21
3
0.002915
5 0 7
2 4 16
5 0 21
3
0.002915
4 0 6
3 4 16
5 0 21
3
0.002915
3 0 5
4 4 16
5 0 21
3
0.001072
5 0 7
3 2 16
5 0 21
3
0.001072
4 0 6
4 2 16
5 0 21
3
0.002915
2 0 4
5 2 16
5 0 21
2 22
21
1
0.445562
20 0 22
3
0.022183
9 0 11
3 4 21
1 0 22
3
0.001104
11 0 13
3 2 20
2 0 22
3
0.008161
8 0 10
4 2 20
2 0 22
3
0.060300
5 0 7
5 2 20
2 0 22
3
0.060300
4 0 6
6 2 20
2 0 22
3
0.163913
2 0 4
7 2 20
2 0 22
3
0.060300
5 0 7
1 6 16
6 0 22
3
0.060300
4 0 6
2 6 16
6 0 22
3
0.001104
9 0 11
1 4 16
6 0 22
3
0.022183
5 0 7
2 4 16
6 0 22
3
0.022183
4 0 6
3 4 16
6 0 22
3
0.022183
3 0 5
4 4 16
6 0 22
3
0.001104
8 0 10
2 2 16
6 0 22
3
0.008161
5 0 7
3 2 16
6 0 22
3
0.008161
4 0 6
4 2 16
6 0 22
3
0.022183
2 0 4
5 2 16
6 0 22
3
0.001104
5 0 7
2 2 13
9 0 22
3
0.001104
4 0 6
3 2 13
9 0 22
3
0.003002
2 0 4
4 2 13
9 0 22
3
0.001104
9 0 11
2 4 17
5 0 22
2 23
15
1
0.001328
21 0 23
3
0.009809
5 0 7
1 6 16
3 2 23
3
0.009809
4 0 6
2 6 16
3 2 23
3
0.003609
5 0 7
2 4 16
3 2 23
3
0.003609
4 0 6
3 4 16
3 2 23
3
0.003609
3 0 5
4 4 16
3 2 23
2
0.003609
11 0 13
4 2 23
2
0.026664
8 0 10
5 2 23
2
0.197020
5 0 7
6 2 23
2
0.197020
4 0 6
7 2 23
2
0.535557
2 0 4
8 2 23
3
0.001328
3 0 5
1 4 6
7 2 23
3
0.001328
4 0 6
1 4 7
6 2 23
3
0.001328
3 0 5
2 4 7
6 2 23
3
0.001328
4 0 6
1 6 7
6 2 23
2 24
21
1
0.005652
22 0 24
2
0.015364
15 0 17
1 6 24
3
0.005652
8 0 10
3 2 17
1 6 24
3
0.041764
5 0 7
4 2 17
1 6 24
3
0.041764
4 0 6
5 2 17
1 6 24
3
0.113526
2 0 4
6 2 17
1 6 24
3
0.005652
9 0 11
2 4 17
1 6 24
3
0.113526
2 0 4
5 2 16
2 6 24
2
0.005652
15 0 17
2 4 24
3
0.002079
8 0 10
3 2 17
2 4 24
3
0.015364
5 0 7
4 2 17
2 4 24
3
0.015364
4 0 6
5 2 17
2 4 24
3
0.041764
2 0 4
6 2 17
2 4 24
2
0.005652
14 0 16
3 4 24
3
0.113526
5 0 7
1 6 16
3 4 24
3
0.113526
4 0 6
2 6 16
3 4 24
2
0.308595
9 0 11
4 4 24
3
0.005652
5 0 7
6 2 23
1 0 24
3
0.005652
4 0 6
7 2 23
1 0 24
3
0.015364
2 0 4
8 2 23
1 0 24
3
0.002079
2 0 4
7 2 20
4 0 24
3 0
1
1
1.000000
3 1 0
3 1
1
1
0.999981
2 1 1
3 2
1
1
0.999998
1 1 2
3 3
1
0
1.000000
3 4
1
1
0.999998
1 0 4
3 5
1
1
0.999995
2 0 5
3 6
3
1
0.975550
3 0 6
2
0.017868
1 0 4
1 2 6
2
0.006573
2 0 5
1 4 6
3 7
6
1
0.956228
4 0 7
2
0.006443
3 0 6
1 2 7
2
0.017514
1 0 4
2 2 7
2
0.006443
3 0 6
1 4 7
2
0.006443
2 0 5
2 4 7
2
0.006443
3 0 6
1 6 7
3 8
1
1
0.999524
5 0 8
3 9
1
1
0.999524
6 0 9
3 10
4
1
0.808585
7 0 10
2
0.040257
4 0 7
1 2 10
2
0.040257
3 0 6
2 2 10
2
0.109430
1 0 4
3 2 10
3 11
6
1
0.706791
8 0 11
2
0.095654
4 0 7
1 4 11
3
0.001752
1 0 4
2 2 7
1 4 11
2
0.095654
3 0 6
2 4 11
3
0.001752
1 0 4
1 2 6
2 4 11
2
0.095654
2 0 5
3 4 11
3 12
1
1
0.995224
9 0 12
3 13
5
1
0.357110
10 0 13
2
0.017779
7 0 10
1 2 13
2
0.131373
4 0 7
2 2 13
2
0.131373
3 0 6
3 2 13
2
0.357110
1 0 4
4 2 13
3 14
4
1
0.983453
11 0 14
3
0.002438
4 0 7
2 2 13
1 0 14
3
0.002438
3 0 6
3 2 13
1 0 14
3
0.006626
1 0 4
4 2 13
1 0 14
3 15
4
1
0.983287
12 0 15
3
0.002437
4 0 7
2 2 13
2 0 15
3
0.002437
3 0 6
3 2 13
2 0 15
3
0.006625
1 0 4
4 2 13
2 0 15
3 16
19
1
0.012709
13 0 16
2
0.255259
4 0 7
1 6 16
3
0.001720
3 0 6
1 2 7
1 6 16
3
0.004675
1 0 4
2 2 7
1 6 16
3
0.001720
3 0 6
1 4 7
1 6 16
3
0.001720
2 0 5
2 4 7
1 6 16
2
0.255259
3 0 6
2 6 16
3
0.004675
1 0 4
1 2 6
2 6 16
3
0.001720
2 0 5
1 4 6
2 6 16
2
0.004675
8 0 11
1 4 16
2
0.093905
4 0 7
2 4 16
3
0.001720
1 0 4
2 2 7
2 4 16
2
0.093905
3 0 6
3 4 16
3
0.001720
1 0 4
1 2 6
3 4 16
2
0.093905
2 0 5
4 4 16
2
0.004675
7 0 10
2 2 16
2
0.034546
4 0 7
3 2 16
2
0.034546
3 0 6
4 2 16
2
0.093905
1 0 4
5 2 16
3 17
26
1
0.062815
14 0 17
3
0.008501
4 0 7
1 6 16
1 0 17
3
0.008501
3 0 6
2 6 16
1 0 17
3
0.003127
4 0 7
2 4 16
1 0 17
3
0.003127
3 0 6
3 4 16
1 0 17
3
0.003127
2 0 5
4 4 16
1 0 17
3
0.001151
4 0 7
3 2 16
1 0 17
3
0.001151
3 0 6
4 2 16
1 0 17
3
0.003127
1 0 4
5 2 16
1 0 17
3
0.008501
4 0 7
1 6 16
1 2 17
3
0.008501
3 0 6
2 6 16
1 2 17
3
0.003127
4 0 7
2 4 16
1 2 17
3
0.003127
3 0 6
3 4 16
1 2 17
3
0.003127
2 0 5
4 4 16
1 2 17
2
0.003127
10 0 13
2 2 17
2
0.023109
7 0 10
3 2 17
2
0.170750
4 0 7
4 2 17
2
0.170750
3 0 6
5 2 17
2
0.464147
1 0 4
6 2 17
3
0.001151
2 0 5
1 4 6
5 2 17
3
0.001151
3 0 6
1 4 7
4 2 17
3
0.001151
2 0 5
2 4 7
4 2 17
3
0.001151
3 0 6
1 6 7
4 2 17
3
0.008501
4 0 7
1 6 16
1 4 17
3
0.008501
3 0 6
2 6 16
1 4 17
2
0.023109
8 0 11
2 4 17
3 18
19
1
0.617143
15 0 18
3
0.083521
4 0 7
1 6 16
2 0 18
3
0.083521
3 0 6
2 6 16
2 0 18
3
0.001530
8 0 11
1 4 16
2 0 18
3
0.030726
4 0 7
2 4 16
2 0 18
3
0.030726
3 0 6
3 4 16
2 0 18
3
0.030726
2 0 5
4 4 16
2 0 18
3
0.001530
7 0 10
2 2 16
2 0 18
3
0.011303
4 0 7
3 2 16
2 0 18
3
0.011303
3 0 6
4 2 16
2 0 18
3
0.030726
1 0 4
5 2 16
2 0 18
3
0.001530
4 0 7
2 2 13
5 0 18
3
0.001530
3 0 6
3 2 13
5 0 18
3
0.004158
1 0 4
4 2 13
5 0 18
3
0.001530
7 0 10
3 2 17
1 0 18
3
0.011303
4 0 7
4 2 17
1 0 18
3
0.011303
3 0 6
5 2 17
1 0 18
3
0.030726
1 0 4
6 2 17
1 0 18
3
0.001530
8 0 11
2 4 17
1 0 18
3 19
19
1
0.617058
16 0 19
3
0.083510
4 0 7
1 6 16
3 0 19
3
0.083510
3 0 6
2 6 16
3 0 19
3
0.001530
8 0 11
1 4 16
3 0 19
3
0.030722
4 0 7
2 4 16
3 0 19
3
0.030722
3 0 6
3 4 16
3 0 19
3
0.030722
2 0 5
4 4 16
3 0 19
3
0.001530
7 0 10
2 2 16
3 0 19
3
0.011302
4 0 7
3 2 16
3 0 19
3
0.011302
3 0 6
4 2 16
3 0 19
3
0.030722
1 0 4
5 2 16
3 0 19
3
0.001530
4 0 7
2 2 13
6 0 19
3
0.001530
3 0 6
3 2 13
6 0 19
3
0.004158
1 0 4
4 2 13
6 0 19
3
0.001530
7 0 10
3 2 17
2 0 19
3
0.011302
4 0 7
4 2 17
2 0 19
3
0.011302
3 0 6
5 2 17
2 0 19
3
0.030722
1 0 4
6 2 17
2 0 19
3
0.001530
8 0 11
2 4 17
2 0 19
3 20
17
1
0.009693
17 0 20
3
0.009693
4 0 7
1 6 16
2 2 20
3
0.009693
3 0 6
2 6 16
2 2 20
3
0.003566
4 0 7
2 4 16
2 2 20
3
0.003566
3 0 6
3 4 16
2 2 20
3
0.003566
2 0 5
4 4 16
2 2 20
2
0.003566
10 0 13
3 2 20
2
0.026349
7 0 10
4 2 20
2
0.194692
4 0 7
5 2 20
2
0.194692
3 0 6
6 2 20
2
0.529229
1 0 4
7 2 20
3
0.001312
2 0 5
1 4 6
6 2 20
3
0.001312
3 0 6
1 4 7
5 2 20
3
0.001312
2 0 5
2 4 7
5 2 20
3
0.001312
3 0 6
1 6 7
5 2 20
3
0.001312
4 0 7
1 6 16
4 0 20
3
0.001312
3 0 6
2 6 16
4 0 20
3 21
22
1
0.058546
18 0 21
2
0.007923
14 0 17
1 4 21
3
0.002915
7 0 10
3 2 17
1 4 21
3
0.021538
4 0 7
4 2 17
1 4 21
3
0.021538
3 0 6
5 2 17
1 4 21
3
0.058546
1 0 4
6 2 17
1 4 21
2
0.007923
13 0 16
2 4 21
3
0.159144
4 0 7
1 6 16
2 4 21
3
0.159144
3 0 6
2 6 16
2 4 21
2
0.432600
8 0 11
3 4 21
3
0.001072
7 0 10
4 2 20
1 0 21
3
0.007923
4 0 7
5 2 20
1 0 21
3
0.007923
3 0 6
6 2 20
1 0 21
3
0.021538
1 0 4
7 2 20
1 0 21
3
0.007923
4 0 7
1 6 16
5 0 21
3
0.007923
3 0 6
2 6 16
5 0 21
3
0.002915
4 0 7
2 4 16
5 0 21
3
0.002915
3 0 6
3 4 16
5 0 21
3
0.002915
2 0 5
4 4 16
5 0 21
3
0.001072
4 0 7
3 2 16
5 0 21
3
0.001072
3 0 6
4 2 16
5 0 21
3
0.002915
1 0 4
5 2 16
5 0 21
3 22
21
1
0.445562
19 0 22
3
0.022183
8 0 11
3 4 21
1 0 22
3
0.001104
10 0 13
3 2 20
2 0 22
3
0.008161
7 0 10
4 2 20
2 0 22
3
0.060300
4 0 7
5 2 20
2 0 22
3
0.060300
3 0 6
6 2 20
2 0 22
3
0.163913
1 0 4
7 2 20
2 0 22
3
0.060300
4 0 7
1 6 16
6 0 22
3
0.060300
3 0 6
2 6 16
6 0 22
3
0.001104
8 0 11
1 4 16
6 0 22
3
0.022183
4 0 7
2 4 16
6 0 22
3
0.022183
3 0 6
3 4 16
6 0 22
3
0.022183
2 0 5
4 4 16
6 0 22
3
0.001104
7 0 10
2 2 16
6 0 22
3
0.008161
4 0 7
3 2 16
6 0 22
3
0.008161
3 0 6
4 2 16
6 0 22
3
0.022183
1 0 4
5 2 16
6 0 22
3
0.001104
4 0 7
2 2 13
9 0 22
3
0.001104
3 0 6
3 2 13
9 0 22
3
0.003002
1 0 4
4 2 13
9 0 22
3
0.001104
8 0 11
2 4 17
5 0 22
3 23
15
1
0.001328
20 0 23
3
0.009809
4 0 7
1 6 16
3 2 23
3
0.009809
3 0 6
2 6 16
3 2 23
3
0.003609
4 0 7
2 4 16
3 2 23
3
0.003609
3 0 6
3 4 16
3 2 23
3
0.003609
2 0 5
4 4 16
3 2 23
2
0.003609
10 0 13
4 2 23
2
0.026664
7 0 10
5 2 23
2
0.197020
4 0 7
6 2 23
2
0.197020
3 0 6
7 2 23
2
0.535557
1 0 4
8 2 23
3
0.001328
2 0 5
1 4 6
7 2 23
3
0.001328
3 0 6
1 4 7
6 2 23
3
0.001328
2 0 5
2 4 7
6 2 23
3
0.001328
3 0 6
1 6 7
6 2 23
3 24
21
1
0.005652
21 0 24
2
0.015364
14 0 17
1 6 24
3
0.005652
7 0 10
3 2 17
1 6 24
3
0.041764
4 0 7
4 2 17
1 6 24
3
0.041764
3 0 6
5 2 17
1 6 24
3
0.113526
1 0 4
6 2 17
1 6 24
3
0.005652
8 0 11
2 4 17
1 6 24
3
0.113526
1 0 4
5 2 16
2 6 24
2
0.005652
14 0 17
2 4 24
3
0.002079
7 0 10
3 2 17
2 4 24
3
0.015364
4 0 7
4 2 17
2 4 24
3
0.015364
3 0 6
5 2 17
2 4 24
3
0.041764
1 0 4
6 2 17
2 4 24
2
0.005652
13 0 16
3 4 24
3
0.113526
4 0 7
1 6 16
3 4 24
3
0.113526
3 0 6
2 6 16
3 4 24
2
0.308595
8 0 11
4 4 24
3
0.005652
4 0 7
6 2 23
1 0 24
3
0.005652
3 0 6
7 2 23
1 0 24
3
0.015364
1 0 4
8 2 23
1 0 24
3
0.002079
1 0 4
7 2 20
4 0 24
4 0
2
1
0.952462
4 1 0
2
0.047420
1 3 1
1 1 0
4 1
2
1
0.119203
3 1 1
1
0.880797
1 3 1
4 2
1
1
0.999981
2 1 2
4 3
1
1
0.999998
1 1 3
4 4
1
0
1.000000
4 5
1
1
0.999983
1 0 5
4 6
3
1
0.268453
2 0 6
1
0.729730
1 2 6
2
0.001809
1 0 5
1 4 6
4 7
9
1
0.715277
2 2 7
1
0.263136
3 0 7
2
0.004820
1 2 6
1 0 7
2
0.001773
2 0 6
1 2 7
2
0.001773
2 0 6
1 4 7
2
0.004820
1 2 6
1 4 7
2
0.001773
1 0 5
2 4 7
2
0.001773
2 0 6
1 6 7
2
0.004820
1 2 6
1 6 7
4 8
3
1
0.964220
4 0 8
2
0.017660
2 2 7
1 0 8
2
0.017660
1 2 6
2 0 8
4 9
3
1
0.964178
5 0 9
2
0.017660
2 2 7
2 0 9
2
0.017660
1 2 6
3 0 9
4 10
4
1
0.047111
6 0 10
1
0.946257
3 2 10
2
0.002346
3 0 7
1 2 10
2
0.002346
2 0 6
2 2 10
4 11
11
1
0.430726
7 0 11
2
0.158455
2 2 7
1 4 11
2
0.058292
3 0 7
1 4 11
3
0.001068
1 2 6
1 0 7
1 4 11
2
0.058292
2 0 6
2 4 11
2
0.158455
1 2 6
2 4 11
2
0.058292
1 0 5
3 4 11
3
0.001068
1 2 6
1 6 7
1 4 11
2
0.058292
3 2 10
1 0 11
2
0.007889
2 2 7
4 0 11
2
0.007889
1 2 6
5 0 11
4 12
6
1
0.846637
8 0 12
3
0.002099
2 2 7
1 4 11
1 0 12
3
0.002099
1 2 6
2 4 11
1 0 12
2
0.114580
3 2 10
2 0 12
2
0.015507
2 2 7
5 0 12
2
0.015507
1 2 6
6 0 12
4 13
4
1
0.006648
9 0 13
1
0.986714
4 2 13
2
0.002446
3 0 7
2 2 13
2
0.002446
2 0 6
3 2 13
4 14
9
1
0.457435
10 0 14
2
0.457435
4 2 13
1 0 14
3
0.001134
3 0 7
2 2 13
1 0 14
3
0.001134
2 0 6
3 2 13
1 0 14
3
0.001134
2 2 7
1 4 11
3 0 14
3
0.001134
1 2 6
2 4 11
3 0 14
2
0.061907
3 2 10
4 0 14
2
0.008378
2 2 7
7 0 14
2
0.008378
1 2 6
8 0 14
4 15
10
1
0.456814
11 0 15
2
0.456814
4 2 13
2 0 15
3
0.001132
3 0 7
2 2 13
2 0 15
3
0.001132
2 0 6
3 2 13
2 0 15
3
0.001132
2 2 7
1 4 11
4 0 15
3
0.001132
1 2 6
2 4 11
4 0 15
2
0.061823
3 2 10
5 0 15
2
0.008367
2 2 7
8 0 15
2
0.008367
1 2 6
9 0 15
2
0.001132
5 2 16
1 1 15
4 16
12
1
0.831710
5 2 16
2
0.041408
2 2 7
1 6 16
2
0.015233
3 0 7
1 6 16
2
0.015233
2 0 6
2 6 16
2
0.041408
1 2 6
2 6 16
2
0.015233
2 2 7
2 4 16
2
0.005604
3 0 7
2 4 16
2
0.005604
2 0 6
3 4 16
2
0.015233
1 2 6
3 4 16
2
0.005604
1 0 5
4 4 16
2
0.002062
3 0 7
3 2 16
2
0.002062
2 0 6
4 2 16
4 17
4
1
0.983508
6 2 17
2
0.006627
5 2 16
1 0 17
2
0.002438
3 0 7
4 2 17
2
0.002438
2 0 6
5 2 17
4 18
17
1
0.054650
14 0 18
2
0.403813
6 2 17
1 0 18
2
0.403813
5 2 16
2 0 18
3
0.020105
2 2 7
1 6 16
2 0 18
3
0.007396
3 0 7
1 6 16
2 0 18
3
0.007396
2 0 6
2 6 16
2 0 18
3
0.020105
1 2 6
2 6 16
2 0 18
3
0.007396
2 2 7
2 4 16
2 0 18
3
0.002721
3 0 7
2 4 16
2 0 18
3
0.002721
2 0 6
3 4 16
2 0 18
3
0.007396
1 2 6
3 4 16
2 0 18
3
0.002721
1 0 5
4 4 16
2 0 18
3
0.001001
3 0 7
3 2 16
2 0 18
3
0.001001
2 0 6
4 2 16
2 0 18
2
0.054650
4 2 13
5 0 18
3
0.001001
3 0 7
4 2 17
1 0 18
3
0.001001
2 0 6
5 2 17
1 0 18
4 19
13
1
0.054595
15 0 19
2
0.403407
6 2 17
2 0 19
2
0.403407
5 2 16
3 0 19
3
0.020084
2 2 7
1 6 16
3 0 19
3
0.007389
3 0 7
1 6 16
3 0 19
3
0.007389
2 0 6
2 6 16
3 0 19
3
0.020084
1 2 6
2 6 16
3 0 19
3
0.007389
2 2 7
2 4 16
3 0 19
3
0.002718
3 0 7
2 4 16
3 0 19
3
0.002718
2 0 6
3 4 16
3 0 19
3
0.007389
1 2 6
3 4 16
3 0 19
3
0.002718
1 0 5
4 4 16
3 0 19
2
0.054595
4 2 13
6 0 19
4 20
3
1
0.990916
7 2 20
2
0.002456
3 0 7
5 2 20
2
0.002456
2 0 6
6 2 20
4 21
11
1
0.004471
17 0 21
2
0.663625
6 2 17
1 4 21
3
0.004471
5 2 16
1 0 17
1 4 21
3
0.001645
3 0 7
4 2 17
1 4 21
3
0.001645
2 0 6
5 2 17
1 4 21
2
0.244134
7 2 20
1 0 21
2
0.033040
6 2 17
4 0 21
2
0.033040
5 2 16
5 0 21
3
0.001645
2 2 7
1 6 16
5 0 21
3
0.001645
1 2 6
2 6 16
5 0 21
2
0.004471
4 2 13
8 0 21
4 22
15
1
0.013459
18 0 22
3
0.013459
6 2 17
1 4 21
1 0 22
2
0.734834
7 2 20
2 0 22
3
0.001821
3 0 7
5 2 20
2 0 22
3
0.001821
2 0 6
6 2 20
2 0 22
2
0.099449
6 2 17
5 0 22
2
0.099449
5 2 16
6 0 22
3
0.004951
2 2 7
1 6 16
6 0 22
3
0.001821
3 0 7
1 6 16
6 0 22
3
0.001821
2 0 6
2 6 16
6 0 22
3
0.004951
1 2 6
2 6 16
6 0 22
3
0.001821
2 2 7
2 4 16
6 0 22
3
0.001821
1 2 6
3 4 16
6 0 22
2
0.013459
4 2 13
9 0 22
2
0.001821
8 2 23
1 1 22
4 23
3
1
0.991921
8 2 23
2
0.002459
3 0 7
6 2 23
2
0.002459
2 0 6
7 2 23
4 24
10
2
0.645389
6 2 17
1 6 24
3
0.004349
5 2 16
1 0 17
1 6 24
3
0.001600
3 0 7
4 2 17
1 6 24
3
0.001600
2 0 6
5 2 17
1 6 24
2
0.237426
6 2 17
2 4 24
3
0.001600
5 2 16
1 0 17
2 4 24
2
0.087344
8 2 23
1 0 24
2
0.011821
7 2 20
4 0 24
2
0.001600
6 2 17
7 0 24
2
0.001600
5 2 16
8 0 24
5 0
2
1
0.017986
5 1 0
1
0.981996
1 5 0
5 1
2
1
0.952378
4 1 1
2
0.047416
1 1 4
1 3 1
5 2
1
1
0.999998
3 1 2
5 3
1
1
0.999998
2 1 3
5 4
1
1
0.999985
1 1 4
5 5
1
0
1.000000
5 6
2
1
0.499994
1 4 6
1
0.499994
1 0 6
5 7
8
1
0.490091
2 4 7
1
0.490091
2 0 7
2
0.003302
1 4 6
1 0 7
2
0.003302
1 4 6
1 2 7
2
0.003302
1 0 6
1 2 7
2
0.003302
1 0 6
1 4 7
2
0.003302
1 4 6
1 6 7
2
0.003302
1 0 6
1 6 7
5 8
3
1
0.986480
3 0 8
2
0.006647
2 4 7
1 0 8
2
0.006647
1 4 6
2 0 8
5 9
3
1
0.986480
4 0 9
2
0.006647
2 4 7
2 0 9
2
0.006647
1 4 6
3 0 9
5 10
7
1
0.823529
5 0 10
2
0.041001
2 4 7
1 2 10
2
0.041001
2 0 7
1 2 10
2
0.041001
1 4 6
2 2 10
2
0.041001
1 0 6
2 2 10
2
0.005549
2 4 7
3 0 10
2
0.005549
1 4 6
4 0 10
5 11
4
1
0.046782
6 0 11
1
0.939638
3 4 11
2
0.006331
2 0 7
1 4 11
2
0.006331
1 0 6
2 4 11
5 12
4
1
0.867897
7 0 12
2
0.117457
3 4 11
1 0 12
2
0.005848
2 4 7
5 0 12
2
0.005848
1 4 6
6 0 12
5 13
9
1
0.372564
8 0 13
2
0.018549
5 0 10
1 2 13
2
0.137059
2 4 7
2 2 13
2
0.137059
2 0 7
2 2 13
2
0.137059
1 4 6
3 2 13
2
0.137059
1 0 6
3 2 13
2
0.050421
3 4 11
2 0 13
2
0.002510
2 4 7
6 0 13
2
0.002510
1 4 6
7 0 13
5 14
8
1
0.860246
9 0 14
3
0.002132
2 4 7
2 2 13
1 0 14
3
0.002132
2 0 7
2 2 13
1 0 14
3
0.002132
1 4 6
3 2 13
1 0 14
3
0.002132
1 0 6
3 2 13
1 0 14
2
0.116422
3 4 11
3 0 14
2
0.005796
2 4 7
7 0 14
2
0.005796
1 4 6
8 0 14
5 15
9
1
0.858239
10 0 15
3
0.002127
2 4 7
2 2 13
2 0 15
3
0.002127
2 0 7
2 2 13
2 0 15
3
0.002127
1 4 6
3 2 13
2 0 15
3
0.002127
1 0 6
3 2 13
2 0 15
2
0.116150
3 4 11
4 0 15
2
0.005783
2 4 7
8 0 15
2
0.005783
1 4 6
9 0 15
2
0.002127
4 4 16
1 1 15
5 16
11
1
0.909725
4 4 16
2
0.016662
2 4 7
1 6 16
2
0.016662
2 0 7
1 6 16
2
0.016662
1 4 6
2 6 16
2
0.016662
1 0 6
2 6 16
2
0.006130
2 0 7
2 4 16
2
0.006130
1 0 6
3 4 16
2
0.002255
2 4 7
3 2 16
2
0.002255
2 0 7
3 2 16
2
0.002255
1 4 6
4 2 16
2
0.002255
1 0 6
4 2 16
5 17
7
1
0.974535
5 4 17
2
0.006566
4 4 16
1 0 17
2
0.006566
4 4 16
1 2 17
2
0.002416
2 4 7
4 2 17
2
0.002416
2 0 7
4 2 17
2
0.002416
1 4 6
5 2 17
2
0.002416
1 0 6
5 2 17
5 18
19
1
0.059574
13 0 18
2
0.440197
5 4 17
1 0 18
2
0.440197
4 4 16
2 0 18
3
0.008062
2 4 7
1 6 16
2 0 18
3
0.008062
2 0 7
1 6 16
2 0 18
3
0.008062
1 4 6
2 6 16
2 0 18
3
0.008062
1 0 6
2 6 16
2 0 18
3
0.002966
2 0 7
2 4 16
2 0 18
3
0.002966
1 0 6
3 4 16
2 0 18
3
0.001091
2 4 7
3 2 16
2 0 18
3
0.001091
2 0 7
3 2 16
2 0 18
3
0.001091
1 4 6
4 2 16
2 0 18
3
0.001091
1 0 6
4 2 16
2 0 18
2
0.008062
3 4 11
7 0 18
3
0.002966
4 4 16
1 2 17
1 0 18
3
0.001091
2 4 7
4 2 17
1 0 18
3
0.001091
2 0 7
4 2 17
1 0 18
3
0.001091
1 4 6
5 2 17
1 0 18
3
0.001091
1 0 6
5 2 17
1 0 18
5 19
19
1
0.059573
14 0 19
2
0.440187
5 4 17
2 0 19
2
0.440187
4 4 16
3 0 19
3
0.008062
2 4 7
1 6 16
3 0 19
3
0.008062
2 0 7
1 6 16
3 0 19
3
0.008062
1 4 6
2 6 16
3 0 19
3
0.008062
1 0 6
2 6 16
3 0 19
3
0.002966
2 0 7
2 4 16
3 0 19
3
0.002966
1 0 6
3 4 16
3 0 19
3
0.001091
2 4 7
3 2 16
3 0 19
3
0.001091
2 0 7
3 2 16
3 0 19
3
0.001091
1 4 6
4 2 16
3 0 19
3
0.001091
1 0 6
4 2 16
3 0 19
2
0.008062
3 4 11
8 0 19
3
0.002966
4 4 16
1 2 17
2 0 19
3
0.001091
2 4 7
4 2 17
2 0 19
3
0.001091
2 0 7
4 2 17
2 0 19
3
0.001091
1 4 6
5 2 17
2 0 19
3
0.001091
1 0 6
5 2 17
2 0 19
5 20
18
1
0.004653
15 0 20
2
0.254057
5 4 17
1 2 20
3
0.001712
4 4 16
1 0 17
1 2 20
2
0.254057
4 4 16
2 2 20
3
0.004653
2 4 7
1 6 16
2 2 20
3
0.004653
2 0 7
1 6 16
2 2 20
3
0.004653
1 4 6
2 6 16
2 2 20
3
0.004653
1 0 6
2 6 16
2 2 20
3
0.001712
2 0 7
2 4 16
2 2 20
3
0.001712
1 0 6
3 4 16
2 2 20
2
0.001712
8 0 13
3 2 20
2
0.012649
5 0 10
4 2 20
2
0.093462
2 4 7
5 2 20
2
0.093462
2 0 7
5 2 20
2
0.093462
1 4 6
6 2 20
2
0.093462
1 0 6
6 2 20
2
0.034383
5 4 17
3 0 20
2
0.034383
4 4 16
4 0 20
5 21
1
1
0.999019
6 4 21
5 22
6
1
0.006010
17 0 22
2
0.892018
6 4 21
1 0 22
3
0.002211
5 4 17
1 2 20
2 0 22
3
0.002211
4 4 16
2 2 20
2 0 22
2
0.044411
5 4 17
5 0 22
2
0.044411
4 4 16
6 0 22
5 23
18
2
0.247225
5 4 17
2 2 23
3
0.001666
4 4 16
1 0 17
2 2 23
2
0.247225
4 4 16
3 2 23
3
0.004528
2 4 7
1 6 16
3 2 23
3
0.004528
2 0 7
1 6 16
3 2 23
3
0.004528
1 4 6
2 6 16
3 2 23
3
0.004528
1 0 6
2 6 16
3 2 23
3
0.001666
2 0 7
2 4 16
3 2 23
3
0.001666
1 0 6
3 4 16
3 2 23
2
0.001666
8 0 13
4 2 23
2
0.012309
5 0 10
5 2 23
2
0.090949
2 4 7
6 2 23
2
0.090949
2 0 7
6 2 23
2
0.090949
1 4 6
7 2 23
2
0.090949
1 0 6
7 2 23
2
0.090949
6 4 21
2 0 23
2
0.004528
5 4 17
6 0 23
2
0.004528
4 4 16
7 0 23
5 24
2
1
0.980465
7 4 24
2
0.017958
5 4 17
1 6 24
6 0
4
1
0.004889
6 1 0
1
0.266932
2 5 0
1
0.725595
1 7 0
2
0.001799
1 1 5
1 5 0
6 1
3
1
0.047256
5 1 1
1
0.949169
2 3 1
2
0.002353
2 1 4
1 3 1
6 2
3
1
0.975513
4 1 2
2
0.017867
1 3 4
2 1 2
2
0.006573
1 5 5
3 1 2
6 3
3
1
0.975557
3 1 3
2
0.017868
1 3 4
1 1 3
2
0.006573
1 5 5
2 1 3
6 4
3
1
0.268455
2 1 4
1
0.729736
1 3 4
2
0.001809
1 5 5
1 1 4
6 5
2
1
0.499998
1 5 5
1
0.499998
1 1 5
6 6
1
0
1.000000
6 7
4
1
0.250000
1 6 7
1
0.250000
1 4 7
1
0.250000
1 2 7
1
0.250000
1 0 7
6 8
4
1
0.980184
2 0 8
2
0.006604
1 6 7
1 0 8
2
0.006604
1 4 7
1 0 8
2
0.006604
1 2 7
1 0 8
6 9
4
1
0.980168
3 0 9
2
0.006604
1 6 7
2 0 9
2
0.006604
1 4 7
2 0 9
2
0.006604
1 2 7
2 0 9
6 10
5
1
0.116840
4 0 10
1
0.863341
2 2 10
2
0.005817
1 6 7
1 2 10
2
0.005817
1 4 7
1 2 10
2
0.005817
1 0 7
1 2 10
6 11
6
1
0.046377
5 0 11
1
0.931501
2 4 11
2
0.006276
1 6 7
1 4 11
2
0.006276
1 2 7
1 4 11
2
0.006276
1 0 7
1 4 11
2
0.002309
2 2 10
1 0 11
6 12
6
1
0.826988
6 0 12
2
0.111921
2 4 11
1 0 12
2
0.041173
2 2 10
2 0 12
2
0.005572
1 6 7
5 0 12
2
0.005572
1 4 7
5 0 12
2
0.005572
1 2 7
5 0 12
6 13
6
1
0.017556
7 0 13
1
0.958507
3 2 13
2
0.006458
1 6 7
2 2 13
2
0.006458
1 4 7
2 2 13
2
0.006458
1 0 7
2 2 13
2
0.002376
2 4 11
2 0 13
6 14
10
1
0.631020
8 0 14
2
0.232139
3 2 13
1 0 14
3
0.001564
1 6 7
2 2 13
1 0 14
3
0.001564
1 4 7
2 2 13
1 0 14
3
0.001564
1 0 7
2 2 13
1 0 14
2
0.085399
2 4 11
3 0 14
2
0.031417
2 2 10
4 0 14
2
0.004252
1 6 7
7 0 14
2
0.004252
1 4 7
7 0 14
2
0.004252
1 2 7
7 0 14
6 15
12
1
0.626932
9 0 15
2
0.230635
3 2 13
2 0 15
3
0.001554
1 6 7
2 2 13
2 0 15
3
0.001554
1 4 7
2 2 13
2 0 15
3
0.001554
1 0 7
2 2 13
2 0 15
2
0.084846
2 4 11
4 0 15
2
0.031213
2 2 10
5 0 15
2
0.001554
3 4 16
1 1 15
2
0.004224
2 6 16
1 1 15
2
0.004224
1 6 7
8 0 15
2
0.004224
1 4 7
8 0 15
2
0.004224
1 2 7
8 0 15
6 16
9
1
0.088216
4 2 16
1
0.239795
3 4 16
1
0.651830
2 6 16
2
0.004392
1 4 7
1 6 16
2
0.004392
1 2 7
1 6 16
2
0.004392
1 0 7
1 6 16
2
0.001616
1 6 7
2 4 16
2
0.001616
1 2 7
2 4 16
2
0.001616
1 0 7
2 4 16
6 17
8
1
0.651890
3 6 17
1
0.239817
4 4 17
1
0.088224
5 2 17
2
0.001616
3 4 16
1 0 17
2
0.004392
2 6 16
1 0 17
2
0.001616
3 4 16
1 2 17
2
0.004392
2 6 16
1 2 17
2
0.004392
2 6 16
1 4 17
6 18
14
1
0.015872
12 0 18
2
0.318798
3 6 17
1 0 18
2
0.117279
4 4 17
1 0 18
2
0.043145
5 2 17
1 0 18
2
0.043145
4 2 16
2 0 18
2
0.117279
3 4 16
2 0 18
2
0.318798
2 6 16
2 0 18
3
0.002148
1 4 7
1 6 16
2 0 18
3
0.002148
1 2 7
1 6 16
2 0 18
3
0.002148
1 0 7
1 6 16
2 0 18
2
0.005839
3 2 13
5 0 18
2
0.002148
2 4 11
7 0 18
3
0.002148
2 6 16
1 2 17
1 0 18
3
0.002148
2 6 16
1 4 17
1 0 18
6 19
14
1
0.015870
13 0 19
2
0.318759
3 6 17
2 0 19
2
0.117265
4 4 17
2 0 19
2
0.043139
5 2 17
2 0 19
2
0.043139
4 2 16
3 0 19
2
0.117265
3 4 16
3 0 19
2
0.318759
2 6 16
3 0 19
3
0.002148
1 4 7
1 6 16
3 0 19
3
0.002148
1 2 7
1 6 16
3 0 19
3
0.002148
1 0 7
1 6 16
3 0 19
2
0.005838
3 2 13
6 0 19
2
0.002148
2 4 11
8 0 19
3
0.002148
2 6 16
1 2 17
2 0 19
3
0.002148
2 6 16
1 4 17
2 0 19
6 20
12
1
0.847591
6 2 20
2
0.042199
3 6 17
1 2 20
2
0.015524
4 4 17
1 2 20
2
0.015524
3 4 16
2 2 20
2
0.042199
2 6 16
2 2 20
2
0.005711
1 6 7
5 2 20
2
0.005711
1 4 7
5 2 20
2
0.005711
1 0 7
5 2 20
2
0.005711
3 6 17
3 0 20
2
0.002101
4 4 17
3 0 20
2
0.002101
3 4 16
4 0 20
2
0.005711
2 6 16
4 0 20
6 21
6
1
0.949670
5 4 21
2
0.017394
3 6 17
1 4 21
2
0.002354
5 2 17
1 4 21
2
0.002354
4 2 16
2 4 21
2
0.017394
2 6 16
2 4 21
2
0.006399
1 6 7
4 4 21
6 22
19
1
0.004142
16 0 22
2
0.614730
5 4 21
1 0 22
3
0.011259
3 6 17
1 4 21
1 0 22
3
0.001524
5 2 17
1 4 21
1 0 22
3
0.001524
4 2 16
2 4 21
1 0 22
3
0.011259
2 6 16
2 4 21
1 0 22
3
0.004142
1 6 7
4 4 21
1 0 22
2
0.083195
6 2 20
2 0 22
3
0.004142
3 6 17
1 2 20
2 0 22
3
0.001524
4 4 17
1 2 20
2 0 22
3
0.001524
3 4 16
2 2 20
2 0 22
3
0.004142
2 6 16
2 2 20
2 0 22
2
0.083195
3 6 17
5 0 22
2
0.030606
4 4 17
5 0 22
2
0.011259
5 2 17
5 0 22
2
0.011259
4 2 16
6 0 22
2
0.030606
3 4 16
6 0 22
2
0.083195
2 6 16
6 0 22
2
0.001524
3 2 13
9 0 22
6 23
9
1
0.856799
7 2 23
2
0.042658
3 6 17
2 2 23
2
0.015693
4 4 17
2 2 23
2
0.015693
3 4 16
3 2 23
2
0.042658
2 6 16
3 2 23
2
0.005773
1 6 7
6 2 23
2
0.005773
1 4 7
6 2 23
2
0.005773
1 0 7
6 2 23
2
0.005773
5 4 21
2 0 23
6 24
5
1
0.118123
6 4 24
1
0.872815
4 6 24
2
0.002163
4 4 17
1 6 24
2
0.002163
3 6 17
2 4 24
2
0.002163
2 6 16
3 4 24
7 0
10
1
0.004792
7 1 0
1
0.261643
3 5 0
1
0.711219
2 7 0
2
0.004792
1 5 6
1 7 0
2
0.004792
1 3 6
1 7 0
2
0.004792
1 1 6
1 7 0
2
0.001763
2 1 5
1 5 0
2
0.001763
1 7 6
2 5 0
2
0.001763
1 3 6
2 5 0
2
0.001763
1 1 6
2 5 0
7 1
6
1
0.046320
6 1 1
1
0.930363
3 3 1
2
0.006269
1 7 6
2 3 1
2
0.006269
1 5 6
2 3 1
2
0.006269
1 1 6
2 3 1
2
0.002306
3 1 4
1 3 1
7 2
6
1
0.956185
5 1 2
2
0.017513
2 3 4
2 1 2
2
0.006443
2 5 5
3 1 2
2
0.006443
1 7 6
4 1 2
2
0.006443
1 5 6
4 1 2
2
0.006443
1 3 6
4 1 2
7 3
6
1
0.956228
4 1 3
2
0.017514
2 3 4
1 1 3
2
0.006443
2 5 5
2 1 3
2
0.006443
1 7 6
3 1 3
2
0.006443
1 5 6
3 1 3
2
0.006443
1 3 6
3 1 3
7 4
9
1
0.263136
3 1 4
1
0.715277
2 3 4
2
0.004820
1 7 6
1 3 4
2
0.004820
1 5 6
1 3 4
2
0.004820
1 1 6
1 3 4
2
0.001773
2 5 5
1 1 4
2
0.001773
1 7 6
2 1 4
2
0.001773
1 5 6
2 1 4
2
0.001773
1 3 6
2 1 4
7 5
8
1
0.490091
2 5 5
1
0.490091
2 1 5
2
0.003302
1 7 6
1 1 5
2
0.003302
1 5 6
1 1 5
2
0.003302
1 3 6
1 1 5
2
0.003302
1 7 6
1 5 5
2
0.003302
1 3 6
1 5 5
2
0.003302
1 1 6
1 5 5
7 6
4
1
0.249999
1 7 6
1
0.249999
1 5 6
1
0.249999
1 3 6
1
0.249999
1 1 6
7 7
1
0
1.000000
7 8
1
1
0.999998
1 0 8
7 9
1
1
0.999981
2 0 9
7 10
2
1
0.119202
3 0 10
1
0.880792
1 2 10
7 11
3
1
0.047314
4 0 11
1
0.950330
1 4 11
2
0.002356
1 2 10
1 0 11
7 12
3
1
0.843705
5 0 12
2
0.114183
1 4 11
1 0 12
2
0.042006
1 2 10
2 0 12
7 13
3
1
0.017911
6 0 13
1
0.977882
2 2 13
2
0.002424
1 4 11
2 0 13
7 14
4
1
0.643772
7 0 14
2
0.236831
2 2 13
1 0 14
2
0.087125
1 4 11
3 0 14
2
0.032052
1 2 10
4 0 14
7 15
6
1
0.639601
8 0 15
2
0.001585
2 4 16
1 1 15
2
0.004310
1 6 16
1 1 15
2
0.235296
2 2 13
2 0 15
2
0.086561
1 4 11
4 0 15
2
0.031844
1 2 10
5 0 15
7 16
3
1
0.089991
3 2 16
1
0.244620
2 4 16
1
0.664946
1 6 16
7 17
9
1
0.088216
4 2 17
1
0.651833
2 6 17
1
0.239796
3 4 17
2
0.001616
2 4 16
1 0 17
2
0.004392
1 6 16
1 0 17
2
0.001616
2 4 16
1 2 17
2
0.004392
1 6 16
1 2 17
2
0.004392
1 6 16
1 4 17
2
0.001616
2 4 16
1 6 17
7 18
11
1
0.016040
11 0 18
2
0.322164
2 6 17
1 0 18
2
0.118517
3 4 17
1 0 18
2
0.118517
2 4 16
2 0 18
2
0.322164
1 6 16
2 0 18
3
0.002171
1 6 16
1 2 17
1 0 18
3
0.002171
1 6 16
1 4 17
1 0 18
2
0.043600
4 2 17
1 0 18
2
0.043600
3 2 16
2 0 18
2
0.005901
2 2 13
5 0 18
2
0.002171
1 4 11
7 0 18
7 19
11
1
0.016038
12 0 19
2
0.322124
2 6 17
2 0 19
2
0.118503
3 4 17
2 0 19
2
0.118503
2 4 16
3 0 19
2
0.322124
1 6 16
3 0 19
3
0.002170
1 6 16
1 2 17
2 0 19
3
0.002170
1 6 16
1 4 17
2 0 19
2
0.043595
4 2 17
2 0 19
2
0.043595
3 2 16
3 0 19
2
0.005900
2 2 13
6 0 19
2
0.002170
1 4 11
8 0 19
7 20
9
1
0.864894
5 2 20
2
0.043061
2 6 17
1 2 20
2
0.015841
3 4 17
1 2 20
2
0.015841
2 4 16
2 2 20
2
0.043061
1 6 16
2 2 20
2
0.005828
2 6 17
3 0 20
2
0.002144
3 4 17
3 0 20
2
0.002144
2 4 16
4 0 20
2
0.005828
1 6 16
4 0 20
7 21
5
1
0.956369
4 4 21
2
0.017517
2 6 17
1 4 21
2
0.017517
1 6 16
2 4 21
2
0.002371
4 2 17
1 4 21
2
0.002371
3 2 16
2 4 21
7 22
16
1
0.004228
15 0 22
2
0.627482
4 4 21
1 0 22
3
0.011493
2 6 17
1 4 21
1 0 22
3
0.011493
1 6 16
2 4 21
1 0 22
3
0.004228
2 6 17
1 2 20
2 0 22
3
0.001555
3 4 17
1 2 20
2 0 22
3
0.001555
2 4 16
2 2 20
2 0 22
3
0.004228
1 6 16
2 2 20
2 0 22
2
0.084920
2 6 17
5 0 22
2
0.031240
3 4 17
5 0 22
2
0.031240
2 4 16
6 0 22
2
0.084920
1 6 16
6 0 22
3
0.001555
4 2 17
1 4 21
1 0 22
3
0.001555
3 2 16
2 4 21
1 0 22
2
0.084920
5 2 20
2 0 22
2
0.011493
4 2 17
5 0 22
7 23
6
1
0.871756
6 2 23
2
0.043402
2 6 17
2 2 23
2
0.015967
3 4 17
2 2 23
2
0.015967
2 4 16
3 2 23
2
0.043402
1 6 16
3 2 23
2
0.005874
4 4 21
2 0 23
7 24
6
1
0.117939
5 4 24
1
0.871455
3 6 24
2
0.002160
3 4 17
1 6 24
2
0.002160
2 4 16
2 6 24
2
0.002160
2 6 17
2 4 24
2
0.002160
1 6 16
3 4 24
8 0
8
1
0.242441
8 1 0
2
0.242441
2 1 6
1 7 0
3
0.001634
1 1 7
1 3 6
1 7 0
3
0.001634
1 1 7
1 5 6
1 7 0
2
0.242441
1 1 7
2 7 0
2
0.089189
3 1 5
1 5 0
2
0.089189
2 1 6
2 5 0
2
0.089189
1 1 7
3 5 0
8 1
4
1
0.755992
7 1 1
2
0.102312
2 1 6
2 3 1
2
0.102312
1 1 7
3 3 1
2
0.037639
4 1 4
1 3 1
8 2
1
1
0.999523
6 1 2
8 3
1
1
0.999524
5 1 3
8 4
3
1
0.964220
4 1 4
2
0.017660
2 1 6
1 3 4
2
0.017660
1 1 7
2 3 4
8 5
3
1
0.986480
3 1 5
2
0.006647
2 1 6
1 5 5
2
0.006647
1 1 7
2 5 5
8 6
4
1
0.980182
2 1 6
2
0.006604
1 1 7
1 3 6
2
0.006604
1 1 7
1 5 6
2
0.006604
1 1 7
1 7 6
8 7
1
1
0.999991
1 1 7
8 8
1
0
1.000000
8 9
1
1
0.999998
1 0 9
8 10
1
1
0.999981
2 0 10
8 11
1
1
0.999952
3 0 11
8 12
1
1
0.999997
4 0 12
8 13
2
1
0.952460
5 0 13
2
0.047420
2 0 10
1 2 13
8 14
1
1
0.999661
6 0 14
8 15
1
1
0.999659
7 0 15
8 16
6
1
0.556783
8 0 16
2
0.003752
1 1 7
1 6 16
2
0.204829
3 0 11
1 4 16
2
0.001380
1 1 7
2 4 16
2
0.027721
5 0 13
1 2 16
2
0.204829
2 0 10
2 2 16
8 17
15
1
0.545759
9 0 17
3
0.001353
3 0 11
1 4 16
1 0 17
3
0.001353
2 0 10
2 2 16
1 0 17
2
0.003677
8 0 16
1 2 17
3
0.001353
3 0 11
1 4 16
1 2 17
2
0.027172
5 0 13
2 2 17
2
0.200773
2 0 10
3 2 17
2
0.003677
8 0 16
1 4 17
2
0.200773
3 0 11
2 4 17
2
0.001353
1 1 7
3 4 17
3
0.001353
2 0 10
2 2 16
1 4 17
2
0.003677
8 0 16
1 6 17
2
0.003677
1 1 7
2 6 17
3
0.001353
3 0 11
1 4 16
1 6 17
3
0.001353
2 0 10
2 2 16
1 6 17
8 18
5
1
0.988926
10 0 18
3
0.002451
3 0 11
1 4 16
2 0 18
3
0.002451
2 0 10
2 2 16
2 0 18
3
0.002451
2 0 10
3 2 17
1 0 18
3
0.002451
3 0 11
2 4 17
1 0 18
8 19
5
1
0.988919
11 0 19
3
0.002451
3 0 11
1 4 16
3 0 19
3
0.002451
2 0 10
2 2 16
3 0 19
3
0.002451
2 0 10
3 2 17
2 0 19
3
0.002451
3 0 11
2 4 17
2 0 19
8 20
8
1
0.235743
12 0 20
2
0.011737
9 0 17
1 2 20
2
0.011737
8 0 16
2 2 20
3
0.004318
3 0 11
1 4 16
2 2 20
2
0.086725
5 0 13
3 2 20
2
0.640816
2 0 10
4 2 20
2
0.001588
1 1 7
5 2 20
3
0.004318
3 0 11
2 4 17
1 2 20
8 21
8
1
0.112877
13 0 21
2
0.015276
9 0 17
1 4 21
3
0.005620
2 0 10
3 2 17
1 4 21
2
0.015276
8 0 16
2 4 21
2
0.834058
3 0 11
3 4 21
2
0.005620
1 1 7
4 4 21
3
0.005620
2 0 10
2 2 16
2 4 21
3
0.002067
2 0 10
4 2 20
1 0 21
8 22
8
1
0.921907
14 0 22
3
0.045899
3 0 11
3 4 21
1 0 22
3
0.002285
5 0 13
3 2 20
2 0 22
3
0.016885
2 0 10
4 2 20
2 0 22
3
0.002285
3 0 11
1 4 16
6 0 22
3
0.002285
2 0 10
2 2 16
6 0 22
3
0.002285
2 0 10
3 2 17
5 0 22
3
0.002285
3 0 11
2 4 17
5 0 22
8 23
10
1
0.039990
15 0 23
2
0.001991
12 0 20
1 2 23
2
0.014712
9 0 17
2 2 23
2
0.014712
8 0 16
3 2 23
3
0.005412
3 0 11
1 4 16
3 2 23
2
0.108704
5 0 13
4 2 23
2
0.803221
2 0 10
5 2 23
2
0.001991
1 1 7
6 2 23
3
0.005412
3 0 11
2 4 17
2 2 23
3
0.001991
3 0 11
3 4 21
2 0 23
8 24
17
1
0.013967
16 0 24
2
0.037967
9 0 17
1 6 24
3
0.001890
5 0 13
2 2 17
1 6 24
3
0.013967
2 0 10
3 2 17
1 6 24
3
0.013967
3 0 11
2 4 17
1 6 24
2
0.037967
8 0 16
2 6 24
2
0.037967
1 1 7
3 6 24
3
0.013967
3 0 11
1 4 16
2 6 24
3
0.001890
5 0 13
1 2 16
2 6 24
3
0.013967
2 0 10
2 2 16
2 6 24
2
0.013967
9 0 17
2 4 24
3
0.005138
2 0 10
3 2 17
2 4 24
2
0.013967
8 0 16
3 4 24
2
0.762589
3 0 11
4 4 24
2
0.005138
1 1 7
5 4 24
3
0.005138
2 0 10
2 2 16
3 4 24
3
0.001890
2 0 10
5 2 23
1 0 24
9 0
8
1
0.242464
9 1 0
2
0.242464
3 1 6
1 7 0
3
0.001634
2 1 7
1 3 6
1 7 0
3
0.001634
2 1 7
1 5 6
1 7 0
2
0.242464
2 1 7
2 7 0
2
0.089197
4 1 5
1 5 0
2
0.089197
3 1 6
2 5 0
2
0.089197
2 1 7
3 5 0
9 1
4
1
0.755802
8 1 1
2
0.102287
3 1 6
2 3 1
2
0.102287
2 1 7
3 3 1
2
0.037629
5 1 4
1 3 1
9 2
1
1
0.999523
7 1 2
9 3
1
1
0.999524
6 1 3
9 4
3
1
0.964180
5 1 4
2
0.017660
3 1 6
1 3 4
2
0.017660
2 1 7
2 3 4
9 5
3
1
0.986482
4 1 5
2
0.006647
3 1 6
1 5 5
2
0.006647
2 1 7
2 5 5
9 6
4
1
0.980170
3 1 6
2
0.006604
2 1 7
1 3 6
2
0.006604
2 1 7
1 5 6
2
0.006604
2 1 7
1 7 6
9 7
1
1
0.999983
2 1 7
9 8
1
1
0.999998
1 1 8
9 9
1
0
1.000000
9 10
1
1
0.999998
1 0 10
9 11
1
1
0.999998
2 0 11
9 12
1
1
0.999998
3 0 12
9 13
2
1
0.952572
4 0 13
2
0.047426
1 0 10
1 2 13
9 14
1
1
0.999662
5 0 14
9 15
1
1
0.999661
6 0 15
9 16
4
1
0.559942
7 0 16
2
0.205991
2 0 11
1 4 16
2
0.027878
4 0 13
1 2 16
2
0.205991
1 0 10
2 2 16
9 17
13
1
0.548854
8 0 17
3
0.001360
2 0 11
1 4 16
1 0 17
3
0.001360
1 0 10
2 2 16
1 0 17
2
0.003698
7 0 16
1 2 17
3
0.001360
2 0 11
1 4 16
1 2 17
2
0.027326
4 0 13
2 2 17
2
0.201912
1 0 10
3 2 17
2
0.003698
7 0 16
1 4 17
2
0.201912
2 0 11
2 4 17
3
0.001360
1 0 10
2 2 16
1 4 17
2
0.003698
7 0 16
1 6 17
3
0.001360
2 0 11
1 4 16
1 6 17
3
0.001360
1 0 10
2 2 16
1 6 17
9 18
5
1
0.989061
9 0 18
3
0.002452
2 0 11
1 4 16
2 0 18
3
0.002452
1 0 10
2 2 16
2 0 18
3
0.002452
1 0 10
3 2 17
1 0 18
3
0.002452
2 0 11
2 4 17
1 0 18
9 19
5
1
0.989054
10 0 19
3
0.002452
2 0 11
1 4 16
3 0 19
3
0.002452
1 0 10
2 2 16
3 0 19
3
0.002452
1 0 10
3 2 17
2 0 19
3
0.002452
2 0 11
2 4 17
2 0 19
9 20
7
1
0.236176
11 0 20
2
0.011759
8 0 17
1 2 20
2
0.011759
7 0 16
2 2 20
3
0.004326
2 0 11
1 4 16
2 2 20
2
0.086884
4 0 13
3 2 20
2
0.641994
1 0 10
4 2 20
3
0.004326
2 0 11
2 4 17
1 2 20
9 21
7
1
0.113544
12 0 21
2
0.015367
8 0 17
1 4 21
3
0.005653
1 0 10
3 2 17
1 4 21
2
0.015367
7 0 16
2 4 21
2
0.838984
2 0 11
3 4 21
3
0.005653
1 0 10
2 2 16
2 4 21
3
0.002080
1 0 10
4 2 20
1 0 21
9 22
8
1
0.922348
13 0 22
3
0.045921
2 0 11
3 4 21
1 0 22
3
0.002286
4 0 13
3 2 20
2 0 22
3
0.016893
1 0 10
4 2 20
2 0 22
3
0.002286
2 0 11
1 4 16
6 0 22
3
0.002286
1 0 10
2 2 16
6 0 22
3
0.002286
1 0 10
3 2 17
5 0 22
3
0.002286
2 0 11
2 4 17
5 0 22
9 23
9
1
0.040081
14 0 23
2
0.001996
11 0 20
1 2 23
2
0.014745
8 0 17
2 2 23
2
0.014745
7 0 16
3 2 23
3
0.005424
2 0 11
1 4 16
3 2 23
2
0.108952
4 0 13
4 2 23
2
0.805053
1 0 10
5 2 23
3
0.005424
2 0 11
2 4 17
2 2 23
3
0.001996
2 0 11
3 4 21
2 0 23
9 24
15
1
0.014602
15 0 24
2
0.039692
8 0 17
1 6 24
3
0.001976
4 0 13
2 2 17
1 6 24
3
0.014602
1 0 10
3 2 17
1 6 24
3
0.014602
2 0 11
2 4 17
1 6 24
2
0.039692
7 0 16
2 6 24
3
0.014602
2 0 11
1 4 16
2 6 24
3
0.001976
4 0 13
1 2 16
2 6 24
3
0.014602
1 0 10
2 2 16
2 6 24
2
0.014602
8 0 17
2 4 24
3
0.005372
1 0 10
3 2 17
2 4 24
2
0.014602
7 0 16
3 4 24
2
0.797243
2 0 11
4 4 24
3
0.005372
1 0 10
2 2 16
3 4 24
3
0.001976
1 0 10
5 2 23
1 0 24
10 0
9
1
0.042753
10 1 0
2
0.315905
2 3 6
1 7 0
3
0.002129
1 3 7
1 1 6
1 7 0
3
0.002129
1 3 7
1 5 6
1 7 0
2
0.315905
1 3 7
2 7 0
2
0.116215
2 3 6
2 5 0
2
0.116215
1 3 7
3 5 0
2
0.042753
4 3 1
1 1 0
2
0.042753
4 1 6
1 7 0
10 1
2
1
0.006679
9 1 1
1
0.991242
4 3 1
10 2
4
1
0.808675
8 1 2
2
0.109442
3 3 4
2 1 2
2
0.040262
2 3 6
4 1 2
2
0.040262
1 3 7
5 1 2
10 3
4
1
0.808895
7 1 3
2
0.109472
3 3 4
1 1 3
2
0.040272
2 3 6
3 1 3
2
0.040272
1 3 7
4 1 3
10 4
4
1
0.047153
6 1 4
1
0.947096
3 3 4
2
0.002348
2 3 6
2 1 4
2
0.002348
1 3 7
3 1 4
10 5
6
1
0.828281
5 1 5
2
0.041238
2 3 6
1 1 5
2
0.041238
1 3 7
2 1 5
2
0.041238
2 3 6
1 5 5
2
0.041238
1 3 7
2 5 5
2
0.005581
4 1 6
1 5 5
10 6
5
1
0.117117
4 1 6
1
0.865385
2 3 6
2
0.005831
1 3 7
1 1 6
2
0.005831
1 3 7
1 5 6
2
0.005831
1 3 7
1 7 6
10 7
2
1
0.119201
3 1 7
1
0.880785
1 3 7
10 8
1
1
0.999981
2 1 8
10 9
1
1
0.999998
1 1 9
10 10
1
0
1.000000
10 11
1
1
0.999998
1 0 11
10 12
1
1
0.999981
2 0 12
10 13
2
1
0.119203
3 0 13
1
0.880797
1 2 13
10 14
2
1
0.952572
4 0 14
2
0.047426
1 2 13
1 0 14
10 15
2
1
0.952459
5 0 15
2
0.047420
1 2 13
2 0 15
10 16
3
1
0.017836
6 0 16
1
0.973817
2 2 16
2
0.006562
1 0 11
1 4 16
10 17
6
1
0.954531
3 2 17
1
0.017483
7 0 17
2
0.006432
2 2 16
1 0 17
2
0.006432
2 2 16
1 4 17
2
0.006432
1 0 11
2 4 17
2
0.006432
2 2 16
1 6 17
10 18
8
1
0.556708
8 0 18
2
0.204802
3 2 17
1 0 18
2
0.204802
2 2 16
2 0 18
3
0.001380
1 0 11
1 4 16
2 0 18
2
0.027717
1 2 13
5 0 18
3
0.001380
2 2 16
1 4 17
1 0 18
3
0.001380
1 0 11
2 4 17
1 0 18
3
0.001380
2 2 16
1 6 17
1 0 18
10 19
8
1
0.556426
9 0 19
2
0.204698
3 2 17
2 0 19
2
0.204698
2 2 16
3 0 19
3
0.001379
1 0 11
1 4 16
3 0 19
2
0.027703
1 2 13
6 0 19
3
0.001379
2 2 16
1 4 17
2 0 19
3
0.001379
1 0 11
2 4 17
2 0 19
3
0.001379
2 2 16
1 6 17
2 0 19
10 20
2
1
0.002464
10 0 20
1
0.994182
4 2 20
10 21
12
1
0.036922
11 0 21
2
0.272821
3 2 17
1 4 21
2
0.004997
7 0 17
1 4 21
3
0.001838
2 2 16
1 0 17
1 4 21
2
0.004997
6 0 16
2 4 21
2
0.272821
2 2 16
2 4 21
2
0.272821
1 0 11
3 4 21
3
0.001838
2 2 16
1 6 17
1 4 21
2
0.100365
4 2 20
1 0 21
2
0.013583
3 2 17
4 0 21
2
0.013583
2 2 16
5 0 21
2
0.001838
1 2 13
8 0 21
10 22
9
1
0.213874
12 0 22
3
0.010648
3 2 17
1 4 21
1 0 22
3
0.010648
2 2 16
2 4 21
1 0 22
3
0.010648
1 0 11
3 4 21
1 0 22
2
0.581371
4 2 20
2 0 22
2
0.078680
3 2 17
5 0 22
2
0.078680
2 2 16
6 0 22
2
0.010648
1 2 13
9 0 22
2
0.001441
5 2 23
1 1 22
10 23
1
1
0.997013
5 2 23
10 24
16
1
0.002006
14 0 24
2
0.297704
3 2 17
1 6 24
2
0.005453
7 0 17
1 6 24
3
0.002006
2 2 16
1 0 17
1 6 24
3
0.002006
2 2 16
1 4 17
1 6 24
3
0.002006
1 0 11
2 4 17
1 6 24
2
0.005453
6 0 16
2 6 24
2
0.297704
2 2 16
2 6 24
3
0.002006
1 0 11
1 4 16
2 6 24
2
0.109519
3 2 17
2 4 24
2
0.002006
7 0 17
2 4 24
2
0.002006
6 0 16
3 4 24
2
0.109519
2 2 16
3 4 24
2
0.109519
1 0 11
4 4 24
2
0.040290
5 2 23
1 0 24
2
0.005453
4 2 20
4 0 24
11 0
3
1
0.961719
4 5 0
2
0.017614
2 5 6
1 7 0
2
0.017614
1 5 7
2 7 0
11 1
10
1
0.125626
10 1 1
2
0.341486
2 5 6
2 3 1
3
0.002301
1 5 7
1 1 6
2 3 1
2
0.341486
1 5 7
3 3 1
3
0.002301
1 5 7
1 7 6
2 3 1
2
0.125626
1 1 10
4 3 1
2
0.017002
3 5 5
4 1 1
2
0.017002
2 5 6
5 1 1
2
0.017002
1 5 7
6 1 1
2
0.006255
7 1 4
1 3 1
11 2
6
1
0.707019
9 1 2
3
0.001753
2 5 6
1 3 4
2 1 2
3
0.001753
1 5 7
2 3 4
2 1 2
2
0.095685
3 5 5
3 1 2
2
0.095685
2 5 6
4 1 2
2
0.095685
1 5 7
5 1 2
11 3
6
1
0.707027
8 1 3
3
0.001753
2 5 6
1 3 4
1 1 3
3
0.001753
1 5 7
2 3 4
1 1 3
2
0.095686
3 5 5
2 1 3
2
0.095686
2 5 6
3 1 3
2
0.095686
1 5 7
4 1 3
11 4
10
1
0.434241
7 1 4
2
0.159748
2 5 6
1 3 4
3
0.001076
1 5 7
1 1 6
1 3 4
2
0.159748
1 5 7
2 3 4
3
0.001076
1 5 7
1 7 6
1 3 4
2
0.058768
3 5 5
1 1 4
2
0.058768
2 5 6
2 1 4
2
0.058768
1 5 7
3 1 4
2
0.058768
1 1 10
3 3 4
2
0.007953
5 1 6
1 3 4
11 5
4
1
0.046812
6 1 5
1
0.940241
3 5 5
2
0.006335
2 5 6
1 1 5
2
0.006335
1 5 7
2 1 5
11 6
6
1
0.046420
5 1 6
1
0.932371
2 5 6
2
0.006282
1 5 7
1 1 6
2
0.006282
1 5 7
1 3 6
2
0.006282
1 5 7
1 7 6
2
0.002311
1 1 10
2 3 6
11 7
3
1
0.047314
4 1 7
1
0.950322
1 5 7
2
0.002356
1 1 10
1 3 7
11 8
1
1
0.999952
3 1 8
11 9
1
1
0.999998
2 1 9
11 10
1
1
0.999998
1 1 10
11 11
1
0
1.000000
11 12
1
1
0.999998
1 0 12
11 13
1
1
0.999981
2 0 13
11 14
1
1
0.999998
3 0 14
11 15
1
1
0.999874
4 0 15
11 16
2
1
0.017970
5 0 16
1
0.981124
1 4 16
11 17
5
1
0.017614
6 0 17
1
0.961693
2 4 17
2
0.006480
1 4 16
1 0 17
2
0.006480
1 4 16
1 2 17
2
0.006480
1 4 16
1 6 17
11 18
5
1
0.574208
7 0 18
2
0.211239
2 4 17
1 0 18
2
0.211239
1 4 16
2 0 18
3
0.001423
1 4 16
1 2 17
1 0 18
3
0.001423
1 4 16
1 6 17
1 0 18
11 19
5
1
0.574203
8 0 19
2
0.211238
2 4 17
2 0 19
2
0.211238
1 4 16
3 0 19
3
0.001423
1 4 16
1 2 17
2 0 19
3
0.001423
1 4 16
1 6 17
2 0 19
11 20
10
1
0.130103
9 0 20
2
0.353656
2 4 17
1 2 20
3
0.002383
1 4 16
1 0 17
1 2 20
2
0.353656
1 4 16
2 2 20
3
0.002383
1 4 16
1 6 17
1 2 20
2
0.047862
2 4 17
3 0 20
2
0.047862
1 4 16
4 0 20
2
0.006477
6 0 17
1 2 20
2
0.006477
5 0 16
2 2 20
2
0.047862
2 0 13
3 2 20
11 21
1
1
0.997983
3 4 21
11 22
6
1
0.109024
11 0 22
2
0.805582
3 4 21
1 0 22
3
0.001997
2 4 17
1 2 20
2 0 22
3
0.001997
1 4 16
2 2 20
2 0 22
2
0.040108
2 4 17
5 0 22
2
0.040108
1 4 16
6 0 22
11 23
11
1
0.018802
12 0 23
2
0.377656
2 4 17
2 2 23
3
0.002545
1 4 16
1 0 17
2 2 23
2
0.377656
1 4 16
3 2 23
3
0.002545
1 4 16
1 6 17
2 2 23
2
0.138932
3 4 21
2 0 23
2
0.006917
2 4 17
6 0 23
2
0.006917
1 4 16
7 0 23
2
0.006917
6 0 17
2 2 23
2
0.006917
5 0 16
3 2 23
2
0.051110
2 0 13
4 2 23
11 24
3
1
0.962314
4 4 24
2
0.017625
2 4 17
1 6 24
2
0.017625
1 4 16
2 6 24
12 0
10
1
0.098309
12 1 0
3
0.013305
1 1 11
2 5 6
1 7 0
3
0.013305
1 1 11
1 5 7
2 7 0
2
0.726414
1 1 11
4 5 0
3
0.004895
2 1 10
2 3 6
1 7 0
3
0.004895
2 1 10
1 3 7
2 7 0
3
0.001801
2 1 10
2 3 6
2 5 0
3
0.001801
2 1 10
1 3 7
3 5 0
2
0.098309
6 1 6
1 7 0
2
0.036166
7 1 5
1 5 0
12 1
7
1
0.448692
11 1 1
2
0.001112
1 0 13
5 3 1
3
0.008218
1 1 11
1 5 7
3 3 1
3
0.008218
1 1 11
2 5 6
2 3 1
2
0.448692
2 1 10
4 3 1
2
0.060724
6 1 6
2 3 1
2
0.022339
8 1 4
1 3 1
12 2
1
1
0.995569
10 1 2
12 3
1
1
0.995572
9 1 3
12 4
5
1
0.860324
8 1 4
3
0.002133
1 1 11
1 5 7
2 3 4
3
0.002133
1 1 11
2 5 6
1 3 4
2
0.116432
2 1 10
3 3 4
2
0.015757
6 1 6
1 3 4
12 5
3
1
0.873177
7 1 5
2
0.118172
1 1 11
3 5 5
2
0.005883
6 1 6
1 5 5
12 6
3
1
0.841287
6 1 6
2
0.113856
1 1 11
2 5 6
2
0.041885
2 1 10
2 3 6
12 7
3
1
0.843706
5 1 7
2
0.114183
1 1 11
1 5 7
2
0.042006
2 1 10
1 3 7
12 8
1
1
0.999997
4 1 8
12 9
1
1
0.999998
3 1 9
12 10
1
1
0.999981
2 1 10
12 11
1
1
0.999998
1 1 11
12 12
1
0
1.000000
12 13
1
1
0.999998
1 0 13
12 14
1
1
0.999998
2 0 14
12 15
1
1
0.999998
3 0 15
12 16
2
1
0.952453
4 0 16
2
0.047420
1 0 13
1 2 16
12 17
5
1
0.933589
5 0 17
2
0.006290
4 0 16
1 2 17
2
0.046481
1 0 13
2 2 17
2
0.006290
4 0 16
1 4 17
2
0.006290
4 0 16
1 6 17
12 18
1
1
0.999190
6 0 18
12 19
1
1
0.999189
7 0 19
12 20
4
1
0.680758
8 0 20
2
0.033893
5 0 17
1 2 20
2
0.033893
4 0 16
2 2 20
2
0.250437
1 0 13
3 2 20
12 21
7
1
0.773748
9 0 21
2
0.104715
5 0 17
1 4 21
3
0.005213
1 0 13
2 2 17
1 4 21
2
0.104715
4 0 16
2 4 21
3
0.005213
1 0 13
1 2 16
2 4 21
3
0.001918
1 0 13
3 2 20
1 0 21
2
0.001918
1 1 11
3 4 21
12 22
2
1
0.994224
10 0 22
3
0.002464
1 0 13
3 2 20
2 0 22
12 23
5
1
0.221498
11 0 23
2
0.011028
8 0 20
1 2 23
2
0.081485
5 0 17
2 2 23
2
0.081485
4 0 16
3 2 23
2
0.602095
1 0 13
4 2 23
12 24
14
1
0.111668
12 0 24
2
0.303545
5 0 17
1 6 24
3
0.002045
4 0 16
1 2 17
1 6 24
3
0.015113
1 0 13
2 2 17
1 6 24
3
0.002045
4 0 16
1 4 17
1 6 24
2
0.303545
4 0 16
2 6 24
3
0.015113
1 0 13
1 2 16
2 6 24
2
0.005560
9 0 21
1 4 24
2
0.111668
5 0 17
2 4 24
3
0.005560
1 0 13
2 2 17
2 4 24
2
0.111668
4 0 16
3 4 24
3
0.005560
1 0 13
1 2 16
3 4 24
3
0.002045
1 0 13
4 2 23
1 0 24
2
0.002045
1 1 11
4 4 24
13 0
11
1
0.005928
13 1 0
2
0.323653
3 3 6
1 7 0
3
0.002181
2 3 7
1 1 6
1 7 0
3
0.002181
2 3 7
1 5 6
1 7 0
2
0.323653
2 3 7
2 7 0
2
0.119065
3 3 6
2 5 0
2
0.119065
2 3 7
3 5 0
2
0.043802
5 3 1
1 1 0
2
0.043802
2 1 11
4 5 0
2
0.005928
4 3 4
4 1 0
2
0.005928
7 1 6
1 7 0
13 1
1
1
0.997257
5 3 1
13 2
4
1
0.363759
11 1 2
2
0.363759
4 3 4
2 1 2
2
0.133820
3 3 6
4 1 2
2
0.133820
2 3 7
5 1 2
13 3
4
1
0.364087
10 1 3
2
0.364087
4 3 4
1 1 3
2
0.133940
3 3 6
3 1 3
2
0.133940
2 3 7
4 1 3
13 4
4
1
0.006658
9 1 4
1
0.988082
4 3 4
2
0.002449
3 3 6
2 1 4
2
0.002449
2 3 7
3 1 4
13 5
6
1
0.381835
8 1 5
2
0.140469
3 3 6
1 1 5
2
0.140469
2 3 7
2 1 5
2
0.140469
3 3 6
1 5 5
2
0.140469
2 3 7
2 5 5
2
0.051676
2 1 11
3 5 5
13 6
6
1
0.017593
7 1 6
1
0.960555
3 3 6
2
0.006472
2 3 7
1 1 6
2
0.006472
2 3 7
1 5 6
2
0.006472
2 3 7
1 7 6
2
0.002381
2 1 11
2 5 6
13 7
3
1
0.017926
6 1 7
1
0.978746
2 3 7
2
0.002426
2 1 11
1 5 7
13 8
2
1
0.952460
5 1 8
2
0.047420
1 3 10
2 1 8
13 9
2
1
0.952572
4 1 9
2
0.047426
1 3 10
1 1 9
13 10
2
1
0.119203
3 1 10
1
0.880797
1 3 10
13 11
1
1
0.999981
2 1 11
13 12
1
1
0.999998
1 1 12
13 13
1
0
1.000000
13 14
1
1
0.999998
1 0 14
13 15
1
1
0.999981
2 0 15
13 16
2
1
0.119202
3 0 16
1
0.880789
1 2 16
13 17
5
1
0.116841
4 0 17
1
0.863345
2 2 17
2
0.005817
1 2 16
1 0 17
2
0.005817
1 2 16
1 4 17
2
0.005817
1 2 16
1 6 17
13 18
3
1
0.908774
5 0 18
2
0.045245
2 2 17
1 0 18
2
0.045245
1 2 16
2 0 18
13 19
3
1
0.908672
6 0 19
2
0.045240
2 2 17
2 0 19
2
0.045240
1 2 16
3 0 19
13 20
2
1
0.017919
7 0 20
1
0.978352
3 2 20
13 21
10
1
0.266318
8 0 21
2
0.266318
2 2 17
1 4 21
3
0.001794
1 2 16
1 0 17
1 4 21
2
0.266318
1 2 16
2 4 21
3
0.001794
1 2 16
1 6 17
1 4 21
2
0.097973
3 2 20
1 0 21
2
0.013259
2 2 17
4 0 21
2
0.013259
1 2 16
5 0 21
2
0.036042
4 0 17
1 4 21
2
0.036042
3 0 16
2 4 21
13 22
6
1
0.673333
9 0 22
3
0.004537
2 2 17
1 4 21
1 0 22
3
0.004537
1 2 16
2 4 21
1 0 22
2
0.247706
3 2 20
2 0 22
2
0.033523
2 2 17
5 0 22
2
0.033523
1 2 16
6 0 22
13 23
2
1
0.002464
10 0 23
1
0.994246
4 2 23
13 24
13
1
0.014906
11 0 24
2
0.299395
2 2 17
1 6 24
3
0.002017
1 2 16
1 0 17
1 6 24
3
0.002017
1 2 16
1 4 17
1 6 24
2
0.299395
1 2 16
2 6 24
2
0.110141
2 2 17
2 4 24
2
0.110141
1 2 16
3 4 24
2
0.040519
4 2 23
1 0 24
2
0.005484
3 2 20
4 0 24
2
0.040519
4 0 17
1 6 24
2
0.040519
3 0 16
2 6 24
2
0.014906
4 0 17
2 4 24
2
0.014906
3 0 16
3 4 24
14 0
7
1
0.327161
14 1 0
3
0.120356
1 1 13
3 3 6
1 7 0
3
0.120356
1 1 13
2 3 7
2 7 0
3
0.044276
1 1 13
3 3 6
2 5 0
3
0.044276
1 1 13
2 3 7
3 5 0
3
0.016288
1 1 13
5 3 1
1 1 0
2
0.327161
8 1 6
1 7 0
14 1
4
1
0.116468
13 1 1
2
0.860588
1 1 13
5 3 1
2
0.015762
8 1 6
2 3 1
2
0.005799
10 1 4
1 3 1
14 2
4
1
0.988256
12 1 2
3
0.006659
1 1 13
4 3 4
2 1 2
3
0.002450
1 1 13
2 3 7
5 1 2
3
0.002450
1 1 13
3 3 6
4 1 2
14 3
4
1
0.988273
11 1 3
3
0.006659
1 1 13
4 3 4
1 1 3
3
0.002450
1 1 13
2 3 7
4 1 3
3
0.002450
1 1 13
3 3 6
3 1 3
14 4
5
1
0.494237
10 1 4
2
0.494237
1 1 13
4 3 4
3
0.001225
1 1 13
2 3 7
3 1 4
3
0.001225
1 1 13
3 3 6
2 1 4
2
0.009052
8 1 6
1 3 4
14 5
6
1
0.983617
9 1 5
3
0.002438
1 1 13
2 3 7
2 1 5
3
0.002438
1 1 13
3 3 6
1 1 5
3
0.002438
1 1 13
3 3 6
1 5 5
3
0.002438
1 1 13
2 3 7
2 5 5
2
0.006628
8 1 6
1 5 5
14 6
5
1
0.726622
8 1 6
3
0.001801
1 1 13
2 3 7
1 1 6
2
0.267309
1 1 13
3 3 6
3
0.001801
1 1 13
2 3 7
1 5 6
3
0.001801
1 1 13
2 3 7
1 7 6
14 7
3
1
0.665239
7 1 7
2
0.244728
1 1 13
2 3 7
2
0.090030
3 1 11
1 5 7
14 8
1
1
0.999661
6 1 8
14 9
1
1
0.999662
5 1 9
14 10
2
1
0.952574
4 1 10
2
0.047426
1 1 13
1 3 10
14 11
1
1
1.000000
3 1 11
14 12
1
1
0.999998
2 1 12
14 13
1
1
0.999998
1 1 13
14 14
1
0
1.000000
14 15
1
1
0.999998
1 0 15
14 16
1
1
0.999974
2 0 16
14 17
4
1
0.980168
3 0 17
2
0.006604
2 0 16
1 2 17
2
0.006604
2 0 16
1 4 17
2
0.006604
2 0 16
1 6 17
14 18
1
1
0.999861
4 0 18
14 19
1
1
0.999861
5 0 19
14 20
3
1
0.908671
6 0 20
2
0.045240
3 0 17
1 2 20
2
0.045240
2 0 16
2 2 20
14 21
3
1
0.785355
7 0 21
2
0.106286
3 0 17
1 4 21
2
0.106286
2 0 16
2 4 21
14 22
1
1
0.997371
8 0 22
14 23
6
1
0.557393
9 0 23
2
0.027751
6 0 20
1 2 23
2
0.205053
3 0 17
2 2 23
2
0.205053
2 0 16
3 2 23
3
0.001382
2 0 16
1 4 17
2 2 23
3
0.001382
2 0 16
1 6 17
2 2 23
14 24
8
1
0.117034
10 0 24
2
0.318132
3 0 17
1 6 24
3
0.002144
2 0 16
1 2 17
1 6 24
3
0.002144
2 0 16
1 4 17
1 6 24
2
0.318132
2 0 16
2 6 24
2
0.005827
7 0 21
1 4 24
2
0.117034
3 0 17
2 4 24
2
0.117034
2 0 16
3 4 24
15 0
4
1
0.317619
15 1 0
2
0.317619
1 0 16
3 7 0
2
0.042985
1 0 16
5 5 0
2
0.317619
9 1 6
1 7 0
15 1
5
1
0.827295
14 1 1
2
0.015152
1 0 16
6 3 1
3
0.002051
2 1 13
2 3 7
6 1 1
2
0.111962
9 1 6
2 3 1
2
0.041189
11 1 4
1 3 1
15 2
2
1
0.997188
13 1 2
3
0.002472
2 1 13
2 3 7
5 1 2
15 3
2
1
0.997188
12 1 3
3
0.002472
2 1 13
2 3 7
4 1 3
15 4
4
1
0.976742
11 1 4
2
0.002421
1 0 16
5 3 4
3
0.002421
2 1 13
2 3 7
3 1 4
2
0.017890
9 1 6
1 3 4
15 5
4
1
0.988203
10 1 5
2
0.002450
1 0 16
4 5 5
3
0.002450
2 1 13
2 3 7
2 1 5
2
0.006658
9 1 6
1 5 5
15 6
4
1
0.987347
9 1 6
2
0.006653
1 0 16
2 7 6
2
0.002447
1 0 16
3 5 6
3
0.002447
2 1 13
2 3 7
1 1 6
15 7
4
1
0.725683
8 1 7
2
0.004890
1 0 16
1 7 7
2
0.001799
1 0 16
2 5 7
2
0.266964
2 1 13
2 3 7
15 8
1
1
0.999660
7 1 8
15 9
1
1
0.999661
6 1 9
15 10
2
1
0.952461
5 1 10
2
0.047420
2 1 13
1 3 10
15 11
1
1
0.999876
4 1 11
15 12
1
1
0.999998
3 1 12
15 13
1
1
0.999981
2 1 13
15 14
1
1
0.999998
1 1 14
15 15
1
0
1.000000
15 16
1
1
0.999991
1 0 16
15 17
4
1
0.980184
2 0 17
2
0.006604
1 0 16
1 2 17
2
0.006604
1 0 16
1 4 17
2
0.006604
1 0 16
1 6 17
15 18
1
1
0.999862
3 0 18
15 19
1
1
0.999861
4 0 19
15 20
3
1
0.908773
5 0 20
2
0.045245
2 0 17
1 2 20
2
0.045245
1 0 16
2 2 20
15 21
3
1
0.785358
6 0 21
2
0.106287
2 0 17
1 4 21
2
0.106287
1 0 16
2 4 21
15 22
1
1
0.997372
7 0 22
15 23
6
1
0.557676
8 0 23
2
0.027765
5 0 20
1 2 23
2
0.205158
2 0 17
2 2 23
2
0.205158
1 0 16
3 2 23
3
0.001382
1 0 16
1 4 17
2 2 23
3
0.001382
1 0 16
1 6 17
2 2 23
15 24
8
1
0.117036
9 0 24
2
0.318136
2 0 17
1 6 24
3
0.002144
1 0 16
1 2 17
1 6 24
3
0.002144
1 0 16
1 4 17
1 6 24
2
0.318136
1 0 16
2 6 24
2
0.005827
6 0 21
1 4 24
2
0.117036
2 0 17
2 4 24
2
0.117036
1 0 16
3 4 24
16 0
6
1
0.117860
5 5 0
1
0.870874
3 7 0
2
0.002159
2 7 6
2 5 0
2
0.002159
1 7 7
3 5 0
2
0.002159
3 5 6
1 7 0
2
0.002159
2 5 7
2 7 0
16 1
7
1
0.874808
6 3 1
2
0.043554
2 7 6
2 3 1
2
0.043554
1 7 7
3 3 1
2
0.016023
3 5 6
2 3 1
2
0.016023
2 5 7
3 3 1
2
0.002168
2 7 6
5 1 1
2
0.002168
1 7 7
6 1 1
16 2
15
1
0.013813
14 1 2
3
0.005081
2 7 6
1 3 4
2 1 2
3
0.005081
1 7 7
2 3 4
2 1 2
2
0.277440
2 7 6
4 1 2
2
0.277440
1 7 7
5 1 2
3
0.001869
1 7 7
1 3 6
4 1 2
3
0.001869
1 7 7
1 5 6
4 1 2
3
0.001869
2 7 6
1 5 5
3 1 2
3
0.001869
1 7 7
2 5 5
3 1 2
3
0.001869
3 5 6
1 3 4
2 1 2
3
0.001869
2 5 7
2 3 4
2 1 2
2
0.102065
5 3 4
2 1 2
2
0.102065
4 5 5
3 1 2
2
0.102065
3 5 6
4 1 2
2
0.102065
2 5 7
5 1 2
16 3
15
1
0.013817
13 1 3
3
0.005083
2 7 6
1 3 4
1 1 3
3
0.005083
1 7 7
2 3 4
1 1 3
2
0.277521
2 7 6
3 1 3
2
0.277521
1 7 7
4 1 3
3
0.001870
1 7 7
1 3 6
3 1 3
3
0.001870
1 7 7
1 5 6
3 1 3
3
0.001870
2 7 6
1 5 5
2 1 3
3
0.001870
1 7 7
2 5 5
2 1 3
3
0.001870
3 5 6
1 3 4
1 1 3
3
0.001870
2 5 7
2 3 4
1 1 3
2
0.102094
5 3 4
1 1 3
2
0.102094
4 5 5
2 1 3
2
0.102094
3 5 6
3 1 3
2
0.102094
2 5 7
4 1 3
16 4
10
1
0.836368
5 3 4
2
0.041640
2 7 6
1 3 4
2
0.041640
1 7 7
2 3 4
2
0.015319
2 7 6
2 1 4
2
0.015319
1 7 7
3 1 4
2
0.015319
3 5 6
1 3 4
2
0.015319
2 5 7
2 3 4
2
0.005635
4 5 5
1 1 4
2
0.005635
3 5 6
2 1 4
2
0.005635
2 5 7
3 1 4
16 5
11
1
0.910452
4 5 5
2
0.016676
2 7 6
1 1 5
2
0.016676
1 7 7
2 1 5
2
0.016676
2 7 6
1 5 5
2
0.016676
1 7 7
2 5 5
2
0.006135
3 5 6
1 1 5
2
0.006135
2 5 7
2 1 5
2
0.002257
4 3 6
1 1 5
2
0.002257
3 3 7
2 1 5
2
0.002257
4 3 6
1 5 5
2
0.002257
3 3 7
2 5 5
16 6
9
1
0.088227
4 3 6
1
0.239826
3 5 6
1
0.651914
2 7 6
2
0.004393
1 7 7
1 1 6
2
0.004393
1 7 7
1 3 6
2
0.004393
1 7 7
1 5 6
2
0.001616
2 5 7
1 1 6
2
0.001616
2 5 7
1 3 6
2
0.001616
2 5 7
1 7 6
16 7
3
1
0.090006
3 3 7
1
0.244663
2 5 7
1
0.665063
1 7 7
16 8
6
1
0.556893
8 1 8
2
0.003752
1 7 7
1 0 8
2
0.001380
2 5 7
1 0 8
2
0.204869
2 3 10
2 1 8
2
0.204869
1 5 11
3 1 8
2
0.027726
1 3 13
5 1 8
16 9
4
1
0.560051
7 1 9
2
0.206031
2 3 10
1 1 9
2
0.206031
1 5 11
2 1 9
2
0.027883
1 3 13
4 1 9
16 10
3
1
0.017852
6 1 10
1
0.974692
2 3 10
2
0.006567
1 5 11
1 1 10
16 11
2
1
0.017970
5 1 11
1
0.981133
1 5 11
16 12
2
1
0.952460
4 1 12
2
0.047420
1 3 13
1 1 12
16 13
2
1
0.119203
3 1 13
1
0.880797
1 3 13
16 14
1
1
0.999981
2 1 14
16 15
1
1
0.999998
1 1 15
16 16
1
0
1.000000
16 17
4
1
0.250000
1 6 17
1
0.250000
1 4 17
1
0.250000
1 2 17
1
0.250000
1 0 17
16 18
4
1
0.980184
2 0 18
2
0.006604
1 6 17
1 0 18
2
0.006604
1 4 17
1 0 18
2
0.006604
1 2 17
1 0 18
16 19
4
1
0.980168
3 0 19
2
0.006604
1 6 17
2 0 19
2
0.006604
1 4 17
2 0 19
2
0.006604
1 2 17
2 0 19
16 20
5
1
0.116840
4 0 20
1
0.863341
2 2 20
2
0.005817
1 6 17
1 2 20
2
0.005817
1 4 17
1 2 20
2
0.005817
1 0 17
1 2 20
16 21
6
1
0.046377
5 0 21
1
0.931501
2 4 21
2
0.006276
1 6 17
1 4 21
2
0.006276
1 2 17
1 4 21
2
0.006276
1 0 17
1 4 21
2
0.002309
2 2 20
1 0 21
16 22
6
1
0.826988
6 0 22
2
0.111921
2 4 21
1 0 22
2
0.041173
2 2 20
2 0 22
2
0.005572
1 6 17
5 0 22
2
0.005572
1 4 17
5 0 22
2
0.005572
1 2 17
5 0 22
16 23
6
1
0.017555
7 0 23
1
0.958485
3 2 23
2
0.006458
1 6 17
2 2 23
2
0.006458
1 4 17
2 2 23
2
0.006458
1 0 17
2 2 23
2
0.002376
2 4 21
2 0 23
16 24
9
1
0.001771
8 0 24
1
0.262848
3 4 24
1
0.714495
2 6 24
2
0.004814
1 4 17
1 6 24
2
0.004814
1 2 17
1 6 24
2
0.004814
1 0 17
1 6 24
2
0.001771
1 6 17
2 4 24
2
0.001771
1 2 17
2 4 24
2
0.001771
1 0 17
2 4 24
17 0
9
1
0.115698
6 5 0
1
0.854903
4 7 0
2
0.005760
1 5 16
3 7 0
2
0.005760
1 3 16
3 7 0
2
0.005760
1 1 16
3 7 0
2
0.002119
3 7 6
2 5 0
2
0.002119
2 7 7
3 5 0
2
0.002119
4 5 6
1 7 0
2
0.002119
3 5 7
2 7 0
17 1
7
1
0.872906
7 3 1
2
0.043459
3 7 6
2 3 1
2
0.043459
2 7 7
3 3 1
2
0.015988
4 5 6
2 3 1
2
0.015988
3 5 7
3 3 1
2
0.002164
3 7 6
5 1 1
2
0.002164
2 7 7
6 1 1
17 2
21
1
0.013604
15 1 2
3
0.005005
3 7 6
1 3 4
2 1 2
3
0.005005
2 7 7
2 3 4
2 1 2
2
0.273248
3 7 6
4 1 2
2
0.273248
2 7 7
5 1 2
3
0.001841
1 5 16
1 7 7
5 1 2
3
0.001841
1 3 16
1 7 7
5 1 2
3
0.001841
1 1 16
1 7 7
5 1 2
3
0.001841
2 7 7
1 3 6
4 1 2
3
0.001841
2 7 7
1 5 6
4 1 2
3
0.001841
1 5 16
2 7 6
4 1 2
3
0.001841
1 3 16
2 7 6
4 1 2
3
0.001841
1 1 16
2 7 6
4 1 2
3
0.001841
3 7 6
1 5 5
3 1 2
3
0.001841
2 7 7
2 5 5
3 1 2
3
0.001841
4 5 6
1 3 4
2 1 2
3
0.001841
3 5 7
2 3 4
2 1 2
2
0.100522
6 3 4
2 1 2
2
0.100522
5 5 5
3 1 2
2
0.100522
4 5 6
4 1 2
2
0.100522
3 5 7
5 1 2
17 3
21
1
0.013608
14 1 3
3
0.005006
3 7 6
1 3 4
1 1 3
3
0.005006
2 7 7
2 3 4
1 1 3
2
0.273327
3 7 6
3 1 3
2
0.273327
2 7 7
4 1 3
3
0.001842
1 5 16
1 7 7
4 1 3
3
0.001842
1 3 16
1 7 7
4 1 3
3
0.001842
1 1 16
1 7 7
4 1 3
3
0.001842
2 7 7
1 3 6
3 1 3
3
0.001842
2 7 7
1 5 6
3 1 3
3
0.001842
1 5 16
2 7 6
3 1 3
3
0.001842
1 3 16
2 7 6
3 1 3
3
0.001842
1 1 16
2 7 6
3 1 3
3
0.001842
3 7 6
1 5 5
2 1 3
3
0.001842
2 7 7
2 5 5
2 1 3
3
0.001842
4 5 6
1 3 4
1 1 3
3
0.001842
3 5 7
2 3 4
1 1 3
2
0.100551
6 3 4
1 1 3
2
0.100551
5 5 5
2 1 3
2
0.100551
4 5 6
3 1 3
2
0.100551
3 5 7
4 1 3
17 4
10
1
0.833919
6 3 4
2
0.041518
3 7 6
1 3 4
2
0.041518
2 7 7
2 3 4
2
0.015274
3 7 6
2 1 4
2
0.015274
2 7 7
3 1 4
2
0.015274
4 5 6
1 3 4
2
0.015274
3 5 7
2 3 4
2
0.005619
5 5 5
1 1 4
2
0.005619
4 5 6
2 1 4
2
0.005619
3 5 7
3 1 4
17 5
11
1
0.898620
5 5 5
2
0.016459
3 7 6
1 1 5
2
0.016459
2 7 7
2 1 5
2
0.016459
3 7 6
1 5 5
2
0.016459
2 7 7
2 5 5
2
0.006055
4 5 6
1 1 5
2
0.006055
3 5 7
2 1 5
2
0.006055
1 7 16
4 5 5
2
0.006055
1 3 16
4 5 5
2
0.006055
1 1 16
4 5 5
2
0.002227
5 3 6
1 5 5
17 6
15
1
0.086786
5 3 6
1
0.235909
4 5 6
1
0.641268
3 7 6
2
0.004321
2 7 7
1 1 6
2
0.004321
2 7 7
1 3 6
2
0.004321
2 7 7
1 5 6
2
0.004321
1 5 16
2 7 6
2
0.004321
1 3 16
2 7 6
2
0.004321
1 1 16
2 7 6
2
0.001590
3 5 7
1 1 6
2
0.001590
3 5 7
1 3 6
2
0.001590
1 7 16
3 5 6
2
0.001590
1 3 16
3 5 6
2
0.001590
1 1 16
3 5 6
2
0.001590
3 5 7
1 7 6
17 7
9
1
0.088227
4 3 7
1
0.239825
3 5 7
1
0.651911
2 7 7
2
0.004393
1 5 16
1 7 7
2
0.004393
1 3 16
1 7 7
2
0.004393
1 1 16
1 7 7
2
0.001616
1 7 16
2 5 7
2
0.001616
1 3 16
2 5 7
2
0.001616
1 1 16
2 5 7
17 8
11
1
0.567869
9 1 8
2
0.003826
2 7 7
1 0 8
2
0.001408
3 5 7
1 0 8
2
0.208907
3 3 10
2 1 8
2
0.208907
2 5 11
3 1 8
3
0.001408
1 7 16
1 5 11
3 1 8
3
0.001408
1 3 16
1 5 11
3 1 8
3
0.001408
1 1 16
1 5 11
3 1 8
3
0.001408
1 7 16
2 3 10
2 1 8
3
0.001408
1 5 16
2 3 10
2 1 8
3
0.001408
1 1 16
2 3 10
2 1 8
17 9
9
1
0.571220
8 1 9
2
0.210140
3 3 10
1 1 9
2
0.210140
2 5 11
2 1 9
3
0.001416
1 7 16
1 5 11
2 1 9
3
0.001416
1 3 16
1 5 11
2 1 9
3
0.001416
1 1 16
1 5 11
2 1 9
3
0.001416
1 7 16
2 3 10
1 1 9
3
0.001416
1 5 16
2 3 10
1 1 9
3
0.001416
1 1 16
2 3 10
1 1 9
17 10
6
1
0.017520
7 1 10
1
0.956568
3 3 10
2
0.006445
2 5 11
1 1 10
2
0.006445
1 7 16
2 3 10
2
0.006445
1 5 16
2 3 10
2
0.006445
1 1 16
2 3 10
17 11
5
1
0.017620
6 1 11
1
0.962036
2 5 11
2
0.006482
1 7 16
1 5 11
2
0.006482
1 3 16
1 5 11
2
0.006482
1 1 16
1 5 11
17 12
5
1
0.933589
5 1 12
2
0.046481
2 3 13
1 1 12
2
0.006290
1 7 16
4 1 12
2
0.006290
1 5 16
4 1 12
2
0.006290
1 3 16
4 1 12
17 13
5
1
0.116841
4 1 13
1
0.863346
2 3 13
2
0.005817
1 7 16
1 3 13
2
0.005817
1 5 16
1 3 13
2
0.005817
1 1 16
1 3 13
17 14
4
1
0.980168
3 1 14
2
0.006604
1 7 16
2 1 14
2
0.006604
1 5 16
2 1 14
2
0.006604
1 3 16
2 1 14
17 15
4
1
0.980184
2 1 15
2
0.006604
1 7 16
1 1 15
2
0.006604
1 5 16
1 1 15
2
0.006604
1 3 16
1 1 15
17 16
4
1
0.250000
1 7 16
1
0.250000
1 5 16
1
0.250000
1 3 16
1
0.250000
1 1 16
17 17
1
0
1.000000
17 18
1
1
0.999998
1 0 18
17 19
1
1
0.999981
2 0 19
17 20
2
1
0.119202
3 0 20
1
0.880792
1 2 20
17 21
3
1
0.047314
4 0 21
1
0.950330
1 4 21
2
0.002356
1 2 20
1 0 21
17 22
3
1
0.843705
5 0 22
2
0.114183
1 4 21
1 0 22
2
0.042006
1 2 20
2 0 22
17 23
3
1
0.017910
6 0 23
1
0.977860
2 2 23
2
0.002424
1 4 21
2 0 23
17 24
3
1
0.001807
7 0 24
1
0.268161
2 4 24
1
0.728938
1 6 24
18 0
14
2
0.432872
2 1 16
3 7 0
3
0.002917
1 1 17
1 3 16
3 7 0
3
0.002917
1 1 17
1 5 16
3 7 0
2
0.432872
1 1 17
4 7 0
3
0.001073
2 1 16
1 7 7
3 5 0
3
0.001073
1 1 17
2 7 7
3 5 0
3
0.001073
2 1 16
2 7 6
2 5 0
3
0.001073
1 1 17
3 7 6
2 5 0
3
0.001073
2 1 16
3 5 6
1 7 0
3
0.001073
1 1 17
4 5 6
1 7 0
3
0.001073
2 1 16
2 5 7
2 7 0
3
0.001073
1 1 17
3 5 7
2 7 0
2
0.058583
2 1 16
5 5 0
2
0.058583
1 1 17
6 5 0
18 1
18
1
0.007873
17 1 1
3
0.021401
2 1 16
1 7 7
3 3 1
3
0.021401
1 1 17
2 7 7
3 3 1
3
0.021401
2 1 16
2 7 6
2 3 1
3
0.021401
1 1 17
3 7 6
2 3 1
3
0.007873
2 1 16
2 5 7
3 3 1
3
0.007873
1 1 17
3 5 7
3 3 1
3
0.007873
2 1 16
3 5 6
2 3 1
3
0.007873
1 1 17
4 5 6
2 3 1
2
0.429844
2 1 16
6 3 1
2
0.429844
1 1 17
7 3 1
3
0.002896
1 1 17
1 5 16
6 3 1
3
0.002896
1 1 17
1 7 16
6 3 1
3
0.001065
2 1 16
1 7 7
6 1 1
3
0.001065
1 1 17
2 7 7
6 1 1
3
0.001065
2 1 16
2 7 6
5 1 1
3
0.001065
1 1 17
3 7 6
5 1 1
2
0.001065
12 1 6
2 3 1
18 2
17
1
0.496702
16 1 2
3
0.067221
2 1 16
1 7 7
5 1 2
3
0.067221
1 1 17
2 7 7
5 1 2
3
0.067221
2 1 16
2 7 6
4 1 2
3
0.067221
1 1 17
3 7 6
4 1 2
3
0.024729
2 1 16
2 5 7
5 1 2
3
0.024729
1 1 17
3 5 7
5 1 2
3
0.024729
2 1 16
3 5 6
4 1 2
3
0.024729
1 1 17
4 5 6
4 1 2
3
0.024729
2 1 16
4 5 5
3 1 2
3
0.024729
1 1 17
5 5 5
3 1 2
3
0.024729
2 1 16
5 3 4
2 1 2
3
0.024729
1 1 17
6 3 4
2 1 2
3
0.009097
2 1 16
3 3 7
5 1 2
3
0.009097
1 1 17
4 3 7
5 1 2
3
0.009097
2 1 16
4 3 6
4 1 2
3
0.009097
1 1 17
5 3 6
4 1 2
18 3
17
1
0.496765
15 1 3
3
0.067230
2 1 16
1 7 7
4 1 3
3
0.067230
1 1 17
2 7 7
4 1 3
3
0.067230
2 1 16
2 7 6
3 1 3
3
0.067230
1 1 17
3 7 6
3 1 3
3
0.024732
2 1 16
2 5 7
4 1 3
3
0.024732
1 1 17
3 5 7
4 1 3
3
0.024732
2 1 16
3 5 6
3 1 3
3
0.024732
1 1 17
4 5 6
3 1 3
3
0.024732
2 1 16
4 5 5
2 1 3
3
0.024732
1 1 17
5 5 5
2 1 3
3
0.024732
2 1 16
5 3 4
1 1 3
3
0.024732
1 1 17
6 3 4
1 1 3
3
0.009099
2 1 16
3 3 7
4 1 3
3
0.009099
1 1 17
4 3 7
4 1 3
3
0.009099
2 1 16
4 3 6
3 1 3
3
0.009099
1 1 17
5 3 6
3 1 3
18 4
23
1
0.053129
14 1 4
3
0.019545
2 1 16
1 7 7
2 3 4
3
0.019545
1 1 17
2 7 7
2 3 4
3
0.019545
2 1 16
2 7 6
1 3 4
3
0.019545
1 1 17
3 7 6
1 3 4
3
0.007190
2 1 16
1 7 7
3 1 4
3
0.007190
1 1 17
2 7 7
3 1 4
3
0.007190
2 1 16
2 7 6
2 1 4
3
0.007190
1 1 17
3 7 6
2 1 4
3
0.007190
2 1 16
2 5 7
2 3 4
3
0.007190
1 1 17
3 5 7
2 3 4
3
0.007190
2 1 16
3 5 6
1 3 4
3
0.007190
1 1 17
4 5 6
1 3 4
3
0.002645
2 1 16
2 5 7
3 1 4
3
0.002645
1 1 17
3 5 7
3 1 4
3
0.002645
2 1 16
3 5 6
2 1 4
3
0.002645
1 1 17
4 5 6
2 1 4
3
0.002645
2 1 16
4 5 5
1 1 4
3
0.002645
1 1 17
5 5 5
1 1 4
2
0.392572
2 1 16
5 3 4
2
0.392572
1 1 17
6 3 4
3
0.002645
1 1 17
1 5 16
5 3 4
3
0.002645
1 1 17
1 7 16
5 3 4
18 5
25
1
0.057761
13 1 5
3
0.007817
2 1 16
1 7 7
2 1 5
3
0.007817
1 1 17
2 7 7
2 1 5
3
0.007817
2 1 16
2 7 6
1 1 5
3
0.007817
1 1 17
3 7 6
1 1 5
3
0.007817
2 1 16
1 7 7
2 5 5
3
0.007817
1 1 17
2 7 7
2 5 5
3
0.007817
2 1 16
2 7 6
1 5 5
3
0.007817
1 1 17
3 7 6
1 5 5
3
0.002876
2 1 16
2 5 7
2 1 5
3
0.002876
1 1 17
3 5 7
2 1 5
3
0.002876
2 1 16
3 5 6
1 1 5
3
0.002876
1 1 17
4 5 6
1 1 5
2
0.426797
2 1 16
4 5 5
3
0.002876
1 1 17
1 3 16
4 5 5
2
0.426797
1 1 17
5 5 5
3
0.002876
1 1 17
1 7 16
4 5 5
3
0.001058
2 1 16
3 3 7
2 1 5
3
0.001058
1 1 17
4 3 7
2 1 5
3
0.001058
2 1 16
4 3 6
1 1 5
3
0.001058
1 1 17
5 3 6
1 1 5
3
0.001058
2 1 16
4 3 6
1 5 5
3
0.001058
1 1 17
5 3 6
1 5 5
3
0.001058
2 1 16
3 3 7
2 5 5
3
0.001058
1 1 17
4 3 7
2 5 5
18 6
15
1
0.015879
12 1 6
3
0.002149
2 1 16
1 7 7
1 1 6
3
0.002149
1 1 17
2 7 7
1 1 6
3
0.002149
2 1 16
1 7 7
1 3 6
3
0.002149
1 1 17
2 7 7
1 3 6
3
0.002149
2 1 16
1 7 7
1 5 6
3
0.002149
1 1 17
2 7 7
1 5 6
2
0.318936
2 1 16
2 7 6
3
0.002149
1 1 17
1 3 16
2 7 6
3
0.002149
1 1 17
1 5 16
2 7 6
2
0.318936
1 1 17
3 7 6
2
0.117330
2 1 16
3 5 6
2
0.117330
1 1 17
4 5 6
2
0.043163
2 1 16
4 3 6
2
0.043163
1 1 17
5 3 6
18 7
9
1
0.016183
11 1 7
2
0.325045
2 1 16
1 7 7
3
0.002190
1 1 17
1 3 16
1 7 7
3
0.002190
1 1 17
1 5 16
1 7 7
2
0.325045
1 1 17
2 7 7
2
0.119577
2 1 16
2 5 7
2
0.119577
1 1 17
3 5 7
2
0.043990
2 1 16
3 3 7
2
0.043990
1 1 17
4 3 7
18 8
5
1
0.989061
10 1 8
3
0.002452
2 1 16
1 5 11
3 1 8
3
0.002452
1 1 17
2 5 11
3 1 8
3
0.002452
2 1 16
2 3 10
2 1 8
3
0.002452
1 1 17
3 3 10
2 1 8
18 9
5
1
0.989194
9 1 9
3
0.002452
2 1 16
1 5 11
2 1 9
3
0.002452
1 1 17
2 5 11
2 1 9
3
0.002452
2 1 16
2 3 10
1 1 9
3
0.002452
1 1 17
3 3 10
1 1 9
18 10
8
1
0.556752
8 1 10
3
0.001380
2 1 16
1 5 11
1 1 10
3
0.001380
1 1 17
2 5 11
1 1 10
2
0.204817
2 1 16
2 3 10
2
0.204817
1 1 17
3 3 10
3
0.001380
1 1 17
1 5 16
2 3 10
3
0.001380
1 1 17
1 7 16
2 3 10
2
0.027719
5 1 13
1 3 10
18 11
5
1
0.574254
7 1 11
2
0.211256
2 1 16
1 5 11
3
0.001423
1 1 17
1 3 16
1 5 11
2
0.211256
1 1 17
2 5 11
3
0.001423
1 1 17
1 7 16
1 5 11
18 12
1
1
0.999190
6 1 12
18 13
3
1
0.908776
5 1 13
2
0.045245
2 1 16
1 3 13
2
0.045245
1 1 17
2 3 13
18 14
1
1
0.999861
4 1 14
18 15
1
1
0.999862
3 1 15
18 16
4
1
0.980184
2 1 16
2
0.006604
1 1 17
1 3 16
2
0.006604
1 1 17
1 5 16
2
0.006604
1 1 17
1 7 16
18 17
1
1
0.999991
1 1 17
18 18
1
0
1.000000
18 19
1
1
0.999998
1 0 19
18 20
1
1
0.999981
2 0 20
18 21
1
1
0.999952
3 0 21
18 22
1
1
0.999997
4 0 22
18 23
2
1
0.952459
5 0 23
2
0.047420
2 0 20
1 2 23
18 24
2
1
0.951138
6 0 24
2
0.047354
3 0 21
1 4 24
19 0
14
2
0.432996
3 1 16
3 7 0
3
0.002918
2 1 17
1 3 16
3 7 0
3
0.002918
2 1 17
1 5 16
3 7 0
2
0.432996
2 1 17
4 7 0
3
0.001073
3 1 16
1 7 7
3 5 0
3
0.001073
2 1 17
2 7 7
3 5 0
3
0.001073
3 1 16
2 7 6
2 5 0
3
0.001073
2 1 17
3 7 6
2 5 0
3
0.001073
3 1 16
3 5 6
1 7 0
3
0.001073
2 1 17
4 5 6
1 7 0
3
0.001073
3 1 16
2 5 7
2 7 0
3
0.001073
2 1 17
3 5 7
2 7 0
2
0.058600
3 1 16
5 5 0
2
0.058600
2 1 17
6 5 0
19 1
17
1
0.007910
18 1 1
3
0.021502
3 1 16
1 7 7
3 3 1
3
0.021502
2 1 17
2 7 7
3 3 1
3
0.021502
3 1 16
2 7 6
2 3 1
3
0.021502
2 1 17
3 7 6
2 3 1
3
0.007910
3 1 16
2 5 7
3 3 1
3
0.007910
2 1 17
3 5 7
3 3 1
3
0.007910
3 1 16
3 5 6
2 3 1
3
0.007910
2 1 17
4 5 6
2 3 1
2
0.431885
3 1 16
6 3 1
2
0.431885
2 1 17
7 3 1
2
0.001071
1 0 20
8 3 1
3
0.001071
3 1 16
1 7 7
6 1 1
3
0.001071
2 1 17
2 7 7
6 1 1
3
0.001071
3 1 16
2 7 6
5 1 1
3
0.001071
2 1 17
3 7 6
5 1 1
2
0.001071
13 1 6
2 3 1
19 2
17
1
0.496649
17 1 2
3
0.067214
3 1 16
1 7 7
5 1 2
3
0.067214
2 1 17
2 7 7
5 1 2
3
0.067214
3 1 16
2 7 6
4 1 2
3
0.067214
2 1 17
3 7 6
4 1 2
3
0.024727
3 1 16
2 5 7
5 1 2
3
0.024727
2 1 17
3 5 7
5 1 2
3
0.024727
3 1 16
3 5 6
4 1 2
3
0.024727
2 1 17
4 5 6
4 1 2
3
0.024727
3 1 16
4 5 5
3 1 2
3
0.024727
2 1 17
5 5 5
3 1 2
3
0.024727
3 1 16
5 3 4
2 1 2
3
0.024727
2 1 17
6 3 4
2 1 2
3
0.009096
3 1 16
3 3 7
5 1 2
3
0.009096
2 1 17
4 3 7
5 1 2
3
0.009096
3 1 16
4 3 6
4 1 2
3
0.009096
2 1 17
5 3 6
4 1 2
19 3
17
1
0.496712
16 1 3
3
0.067223
3 1 16
1 7 7
4 1 3
3
0.067223
2 1 17
2 7 7
4 1 3
3
0.067223
3 1 16
2 7 6
3 1 3
3
0.067223
2 1 17
3 7 6
3 1 3
3
0.024730
3 1 16
2 5 7
4 1 3
3
0.024730
2 1 17
3 5 7
4 1 3
3
0.024730
3 1 16
3 5 6
3 1 3
3
0.024730
2 1 17
4 5 6
3 1 3
3
0.024730
3 1 16
4 5 5
2 1 3
3
0.024730
2 1 17
5 5 5
2 1 3
3
0.024730
3 1 16
5 3 4
1 1 3
3
0.024730
2 1 17
6 3 4
1 1 3
3
0.009098
3 1 16
3 3 7
4 1 3
3
0.009098
2 1 17
4 3 7
4 1 3
3
0.009098
3 1 16
4 3 6
3 1 3
3
0.009098
2 1 17
5 3 6
3 1 3
19 4
21
1
0.053359
15 1 4
3
0.019630
3 1 16
1 7 7
2 3 4
3
0.019630
2 1 17
2 7 7
2 3 4
3
0.019630
3 1 16
2 7 6
1 3 4
3
0.019630
2 1 17
3 7 6
1 3 4
3
0.007221
3 1 16
1 7 7
3 1 4
3
0.007221
2 1 17
2 7 7
3 1 4
3
0.007221
3 1 16
2 7 6
2 1 4
3
0.007221
2 1 17
3 7 6
2 1 4
3
0.007221
3 1 16
2 5 7
2 3 4
3
0.007221
2 1 17
3 5 7
2 3 4
3
0.007221
3 1 16
3 5 6
1 3 4
3
0.007221
2 1 17
4 5 6
1 3 4
3
0.002657
3 1 16
2 5 7
3 1 4
3
0.002657
2 1 17
3 5 7
3 1 4
3
0.002657
3 1 16
3 5 6
2 1 4
3
0.002657
2 1 17
4 5 6
2 1 4
3
0.002657
3 1 16
4 5 5
1 1 4
3
0.002657
2 1 17
5 5 5
1 1 4
2
0.394272
3 1 16
5 3 4
2
0.394272
2 1 17
6 3 4
19 5
23
1
0.057882
14 1 5
3
0.007833
3 1 16
1 7 7
2 1 5
3
0.007833
2 1 17
2 7 7
2 1 5
3
0.007833
3 1 16
2 7 6
1 1 5
3
0.007833
2 1 17
3 7 6
1 1 5
3
0.007833
3 1 16
1 7 7
2 5 5
3
0.007833
2 1 17
2 7 7
2 5 5
3
0.007833
3 1 16
2 7 6
1 5 5
3
0.007833
2 1 17
3 7 6
1 5 5
3
0.002882
3 1 16
2 5 7
2 1 5
3
0.002882
2 1 17
3 5 7
2 1 5
3
0.002882
3 1 16
3 5 6
1 1 5
3
0.002882
2 1 17
4 5 6
1 1 5
2
0.427692
3 1 16
4 5 5
3
0.002882
2 1 17
1 3 16
4 5 5
2
0.427692
2 1 17
5 5 5
3
0.002882
2 1 17
1 7 16
4 5 5
3
0.001060
3 1 16
3 3 7
2 1 5
3
0.001060
2 1 17
4 3 7
2 1 5
3
0.001060
3 1 16
4 3 6
1 1 5
3
0.001060
2 1 17
5 3 6
1 1 5
3
0.001060
3 1 16
4 3 6
1 5 5
3
0.001060
2 1 17
5 3 6
1 5 5
19 6
15
1
0.015895
13 1 6
3
0.002151
3 1 16
1 7 7
1 1 6
3
0.002151
2 1 17
2 7 7
1 1 6
3
0.002151
3 1 16
1 7 7
1 3 6
3
0.002151
2 1 17
2 7 7
1 3 6
3
0.002151
3 1 16
1 7 7
1 5 6
3
0.002151
2 1 17
2 7 7
1 5 6
2
0.319268
3 1 16
2 7 6
3
0.002151
2 1 17
1 3 16
2 7 6
3
0.002151
2 1 17
1 5 16
2 7 6
2
0.319268
2 1 17
3 7 6
2
0.117452
3 1 16
3 5 6
2
0.117452
2 1 17
4 5 6
2
0.043208
3 1 16
4 3 6
2
0.043208
2 1 17
5 3 6
19 7
9
1
0.016181
12 1 7
2
0.325005
3 1 16
1 7 7
3
0.002190
2 1 17
1 3 16
1 7 7
3
0.002190
2 1 17
1 5 16
1 7 7
2
0.325005
2 1 17
2 7 7
2
0.119563
3 1 16
2 5 7
2
0.119563
2 1 17
3 5 7
2
0.043985
3 1 16
3 3 7
2
0.043985
2 1 17
4 3 7
19 8
5
1
0.989054
11 1 8
3
0.002452
3 1 16
1 5 11
3 1 8
3
0.002452
2 1 17
2 5 11
3 1 8
3
0.002452
3 1 16
2 3 10
2 1 8
3
0.002452
2 1 17
3 3 10
2 1 8
19 9
5
1
0.989188
10 1 9
3
0.002452
3 1 16
1 5 11
2 1 9
3
0.002452
2 1 17
2 5 11
2 1 9
3
0.002452
3 1 16
2 3 10
1 1 9
3
0.002452
2 1 17
3 3 10
1 1 9
19 10
8
1
0.556469
9 1 10
3
0.001379
3 1 16
1 5 11
1 1 10
3
0.001379
2 1 17
2 5 11
1 1 10
2
0.204713
3 1 16
2 3 10
2
0.204713
2 1 17
3 3 10
3
0.001379
2 1 17
1 5 16
2 3 10
3
0.001379
2 1 17
1 7 16
2 3 10
2
0.027705
6 1 13
1 3 10
19 11
5
1
0.574249
8 1 11
2
0.211255
3 1 16
1 5 11
3
0.001423
2 1 17
1 3 16
1 5 11
2
0.211255
2 1 17
2 5 11
3
0.001423
2 1 17
1 7 16
1 5 11
19 12
1
1
0.999189
7 1 12
19 13
3
1
0.908674
6 1 13
2
0.045240
3 1 16
1 3 13
2
0.045240
2 1 17
2 3 13
19 14
1
1
0.999861
5 1 14
19 15
1
1
0.999861
4 1 15
19 16
4
1
0.980168
3 1 16
2
0.006604
2 1 17
1 3 16
2
0.006604
2 1 17
1 5 16
2
0.006604
2 1 17
1 7 16
19 17
1
1
0.999974
2 1 17
19 18
1
1
0.999998
1 1 18
19 19
1
0
1.000000
19 20
1
1
0.999998
1 0 20
19 21
1
1
0.999998
2 0 21
19 22
1
1
0.999998
3 0 22
19 23
2
1
0.952572
4 0 23
2
0.047426
1 0 20
1 2 23
19 24
2
1
0.952269
5 0 24
2
0.047411
2 0 21
1 4 24
20 0
12
2
0.352596
2 3 16
3 7 0
3
0.002376
1 3 17
1 1 16
3 7 0
3
0.002376
1 3 17
1 5 16
3 7 0
2
0.352596
1 3 17
4 7 0
2
0.047719
2 3 16
5 5 0
2
0.047719
1 3 17
6 5 0
2
0.047719
6 3 6
1 7 0
2
0.047719
5 3 7
2 7 0
2
0.047719
4 1 16
3 7 0
2
0.017555
6 3 6
2 5 0
2
0.017555
5 3 7
3 5 0
2
0.006458
8 3 1
1 1 0
20 1
1
1
0.996027
8 3 1
20 2
22
1
0.009703
18 1 2
3
0.009703
2 3 16
1 7 7
5 1 2
3
0.009703
1 3 17
2 7 7
5 1 2
3
0.009703
2 3 16
2 7 6
4 1 2
3
0.009703
1 3 17
3 7 6
4 1 2
2
0.001313
8 3 1
1 0 2
2
0.529768
7 3 4
2 1 2
3
0.003570
2 3 16
2 5 7
5 1 2
3
0.003570
1 3 17
3 5 7
5 1 2
3
0.003570
2 3 16
3 5 6
4 1 2
3
0.003570
1 3 17
4 5 6
4 1 2
3
0.003570
2 3 16
4 5 5
3 1 2
3
0.003570
1 3 17
5 5 5
3 1 2
2
0.194891
6 3 6
4 1 2
2
0.194891
5 3 7
5 1 2
3
0.001313
4 1 16
1 7 7
5 1 2
3
0.001313
3 1 17
2 7 7
5 1 2
3
0.001313
5 3 7
1 5 6
4 1 2
3
0.001313
5 3 7
1 7 6
4 1 2
3
0.001313
4 1 16
2 7 6
4 1 2
3
0.001313
6 3 6
1 5 5
3 1 2
3
0.001313
5 3 7
2 5 5
3 1 2
20 3
21
1
0.009716
17 1 3
3
0.009716
2 3 16
1 7 7
4 1 3
3
0.009716
1 3 17
2 7 7
4 1 3
3
0.009716
2 3 16
2 7 6
3 1 3
3
0.009716
1 3 17
3 7 6
3 1 3
2
0.530465
7 3 4
1 1 3
3
0.003574
2 3 16
2 5 7
4 1 3
3
0.003574
1 3 17
3 5 7
4 1 3
3
0.003574
2 3 16
3 5 6
3 1 3
3
0.003574
1 3 17
4 5 6
3 1 3
3
0.003574
2 3 16
4 5 5
2 1 3
3
0.003574
1 3 17
5 5 5
2 1 3
2
0.195147
6 3 6
3 1 3
2
0.195147
5 3 7
4 1 3
3
0.001315
4 1 16
1 7 7
4 1 3
3
0.001315
3 1 17
2 7 7
4 1 3
3
0.001315
5 3 7
1 5 6
3 1 3
3
0.001315
5 3 7
1 7 6
3 1 3
3
0.001315
4 1 16
2 7 6
3 1 3
3
0.001315
6 3 6
1 5 5
2 1 3
3
0.001315
5 3 7
2 5 5
2 1 3
20 4
3
1
0.991856
7 3 4
2
0.002459
6 3 6
2 1 4
2
0.002459
5 3 7
3 1 4
20 5
21
1
0.004946
15 1 5
3
0.004946
2 3 16
1 7 7
2 1 5
3
0.004946
1 3 17
2 7 7
2 1 5
3
0.004946
2 3 16
2 7 6
1 1 5
3
0.004946
1 3 17
3 7 6
1 1 5
3
0.004946
2 3 16
1 7 7
2 5 5
3
0.004946
1 3 17
2 7 7
2 5 5
3
0.004946
2 3 16
2 7 6
1 5 5
3
0.004946
1 3 17
3 7 6
1 5 5
3
0.001820
2 3 16
2 5 7
2 1 5
3
0.001820
1 3 17
3 5 7
2 1 5
3
0.001820
2 3 16
3 5 6
1 1 5
3
0.001820
1 3 17
4 5 6
1 1 5
2
0.270063
2 3 16
4 5 5
3
0.001820
1 3 17
1 1 16
4 5 5
2
0.270063
1 3 17
5 5 5
3
0.001820
1 3 17
1 7 16
4 5 5
2
0.099351
6 3 6
1 1 5
2
0.099351
5 3 7
2 1 5
2
0.099351
6 3 6
1 5 5
2
0.099351
5 3 7
2 5 5
20 6
9
1
0.856432
6 3 6
2
0.042639
2 3 16
2 7 6
2
0.042639
1 3 17
3 7 6
2
0.015686
2 3 16
3 5 6
2
0.015686
1 3 17
4 5 6
2
0.005771
5 3 7
1 1 6
2
0.005771
5 3 7
1 5 6
2
0.005771
5 3 7
1 7 6
2
0.005771
4 1 16
2 7 6
20 7
7
1
0.868674
5 3 7
2
0.043249
2 3 16
1 7 7
2
0.043249
1 3 17
2 7 7
2
0.015910
2 3 16
2 5 7
2
0.015910
1 3 17
3 5 7
2
0.005853
4 1 16
1 7 7
2
0.005853
3 1 17
2 7 7
20 8
6
1
0.241499
12 1 8
2
0.001627
5 3 7
1 0 8
2
0.656462
4 3 10
2 1 8
3
0.004423
2 3 16
1 5 11
3 1 8
3
0.004423
1 3 17
2 5 11
3 1 8
2
0.088842
3 3 13
5 1 8
20 9
5
1
0.241951
11 1 9
2
0.657690
4 3 10
1 1 9
3
0.004431
2 3 16
1 5 11
2 1 9
3
0.004431
1 3 17
2 5 11
2 1 9
2
0.089009
3 3 13
4 1 9
20 10
2
1
0.002465
10 1 10
1
0.994429
4 3 10
20 11
8
1
0.131836
9 1 11
2
0.358367
2 3 16
1 5 11
3
0.002415
1 3 17
1 1 16
1 5 11
2
0.358367
1 3 17
2 5 11
3
0.002415
1 3 17
1 7 16
1 5 11
2
0.048500
3 3 13
2 1 11
2
0.048500
4 1 16
1 5 11
2
0.048500
3 1 17
2 5 11
20 12
4
1
0.680822
8 1 12
2
0.250460
3 3 13
1 1 12
2
0.033896
2 3 16
4 1 12
2
0.033896
1 3 17
5 1 12
20 13
2
1
0.017919
7 1 13
1
0.978355
3 3 13
20 14
3
1
0.908673
6 1 14
2
0.045240
2 3 16
2 1 14
2
0.045240
1 3 17
3 1 14
20 15
3
1
0.908773
5 1 15
2
0.045245
2 3 16
1 1 15
2
0.045245
1 3 17
2 1 15
20 16
5
1
0.116840
4 1 16
1
0.863341
2 3 16
2
0.005817
1 3 17
1 1 16
2
0.005817
1 3 17
1 5 16
2
0.005817
1 3 17
1 7 16
20 17
2
1
0.119201
3 1 17
1
0.880784
1 3 17
20 18
1
1
0.999981
2 1 18
20 19
1
1
0.999998
1 1 19
20 20
1
0
1.000000
20 21
1
1
0.999998
1 0 21
20 22
1
1
0.999981
2 0 22
20 23
2
1
0.119203
3 0 23
1
0.880797
1 2 23
20 24
3
1
0.909443
4 0 24
2
0.045278
1 0 21
1 4 24
2
0.045278
1 2 23
1 0 24
21 0
5
1
0.878300
7 5 0
2
0.043728
2 5 16
3 7 0
2
0.043728
1 5 17
4 7 0
2
0.016087
5 5 6
1 7 0
2
0.016087
4 5 7
2 7 0
21 1
13
3
0.006115
2 5 16
1 7 7
3 3 1
3
0.006115
1 5 17
2 7 7
3 3 1
3
0.006115
2 5 16
2 7 6
2 3 1
3
0.006115
1 5 17
3 7 6
2 3 1
2
0.333884
5 5 6
2 3 1
3
0.002250
4 5 7
1 1 6
2 3 1
2
0.333884
4 5 7
3 3 1
3
0.002250
4 5 7
1 7 6
2 3 1
2
0.122829
2 5 16
6 3 1
2
0.122829
1 5 17
7 3 1
2
0.016623
6 5 5
4 1 1
2
0.016623
5 5 6
5 1 1
2
0.016623
4 5 7
6 1 1
21 2
14
1
0.002137
19 1 2
3
0.005808
2 5 16
1 7 7
5 1 2
3
0.005808
1 5 17
2 7 7
5 1 2
3
0.005808
2 5 16
2 7 6
4 1 2
3
0.005808
1 5 17
3 7 6
4 1 2
3
0.005808
5 5 6
1 3 4
2 1 2
3
0.005808
4 5 7
2 3 4
2 1 2
2
0.317094
6 5 5
3 1 2
2
0.317094
5 5 6
4 1 2
2
0.317094
4 5 7
5 1 2
3
0.002137
4 5 7
1 3 6
4 1 2
3
0.002137
4 5 7
1 7 6
4 1 2
3
0.002137
2 5 16
5 3 4
2 1 2
3
0.002137
1 5 17
6 3 4
2 1 2
21 3
14
1
0.002137
18 1 3
3
0.005808
2 5 16
1 7 7
4 1 3
3
0.005808
1 5 17
2 7 7
4 1 3
3
0.005808
2 5 16
2 7 6
3 1 3
3
0.005808
1 5 17
3 7 6
3 1 3
3
0.005808
5 5 6
1 3 4
1 1 3
3
0.005808
4 5 7
2 3 4
1 1 3
2
0.317107
6 5 5
2 1 3
2
0.317107
5 5 6
3 1 3
2
0.317107
4 5 7
4 1 3
3
0.002137
4 5 7
1 3 6
3 1 3
3
0.002137
4 5 7
1 7 6
3 1 3
3
0.002137
2 5 16
5 3 4
1 1 3
3
0.002137
1 5 17
6 3 4
1 1 3
21 4
17
3
0.004612
2 5 16
1 7 7
2 3 4
3
0.004612
1 5 17
2 7 7
2 3 4
3
0.004612
2 5 16
2 7 6
1 3 4
3
0.004612
1 5 17
3 7 6
1 3 4
3
0.001697
2 5 16
1 7 7
3 1 4
3
0.001697
1 5 17
2 7 7
3 1 4
3
0.001697
2 5 16
2 7 6
2 1 4
3
0.001697
1 5 17
3 7 6
2 1 4
2
0.251784
5 5 6
1 3 4
3
0.001697
4 5 7
1 1 6
1 3 4
2
0.251784
4 5 7
2 3 4
3
0.001697
4 5 7
1 7 6
1 3 4
2
0.092626
6 5 5
1 1 4
2
0.092626
5 5 6
2 1 4
2
0.092626
4 5 7
3 1 4
2
0.092626
2 5 16
5 3 4
2
0.092626
1 5 17
6 3 4
21 5
3
1
0.985184
6 5 5
2
0.006638
5 5 6
1 1 5
2
0.006638
4 5 7
2 1 5
21 6
8
1
0.940511
5 5 6
2
0.017226
2 5 16
2 7 6
2
0.017226
1 5 17
3 7 6
2
0.006337
4 5 7
1 1 6
2
0.006337
4 5 7
1 3 6
2
0.006337
4 5 7
1 7 6
2
0.002331
2 5 16
4 3 6
2
0.002331
1 5 17
5 3 6
21 7
5
1
0.958669
4 5 7
2
0.017559
2 5 16
1 7 7
2
0.017559
1 5 17
2 7 7
2
0.002376
2 5 16
3 3 7
2
0.002376
1 5 17
4 3 7
21 8
6
1
0.116654
13 1 8
2
0.005808
4 5 7
1 0 8
2
0.861964
3 5 11
3 1 8
3
0.005808
2 5 16
2 3 10
2 1 8
3
0.005808
1 5 17
3 3 10
2 1 8
3
0.002137
1 1 20
4 3 10
2 1 8
21 9
5
1
0.117365
12 1 9
2
0.867213
3 5 11
2 1 9
3
0.005843
2 5 16
2 3 10
1 1 9
3
0.005843
1 5 17
3 3 10
1 1 9
3
0.002150
1 1 20
4 3 10
1 1 9
21 10
7
1
0.038464
11 1 10
2
0.284211
3 5 11
1 1 10
2
0.284211
2 5 16
2 3 10
3
0.001915
1 5 17
1 1 16
2 3 10
2
0.284211
1 5 17
3 3 10
3
0.001915
1 5 17
1 7 16
2 3 10
2
0.104555
1 1 20
4 3 10
21 11
1
1
0.998573
3 5 11
21 12
7
1
0.774635
9 1 12
2
0.001920
3 5 11
1 0 12
3
0.005219
2 5 16
1 3 13
1 1 12
3
0.005219
1 5 17
2 3 13
1 1 12
3
0.001920
1 1 20
3 3 13
1 1 12
2
0.104835
2 5 16
4 1 12
2
0.104835
1 5 17
5 1 12
21 13
8
1
0.273684
8 1 13
2
0.273684
2 5 16
1 3 13
3
0.001844
1 5 17
1 1 16
1 3 13
2
0.273684
1 5 17
2 3 13
3
0.001844
1 5 17
1 7 16
1 3 13
2
0.100683
1 1 20
3 3 13
2
0.037039
2 5 16
3 1 13
2
0.037039
1 5 17
4 1 13
21 14
3
1
0.785439
7 1 14
2
0.106298
2 5 16
2 1 14
2
0.106298
1 5 17
3 1 14
21 15
3
1
0.785442
6 1 15
2
0.106298
2 5 16
1 1 15
2
0.106298
1 5 17
2 1 15
21 16
6
1
0.046420
5 1 16
1
0.932375
2 5 16
2
0.006282
1 5 17
1 1 16
2
0.006282
1 5 17
1 3 16
2
0.006282
1 5 17
1 7 16
2
0.002311
1 1 20
2 3 16
21 17
3
1
0.047314
4 1 17
1
0.950322
1 5 17
2
0.002356
1 1 20
1 3 17
21 18
1
1
0.999952
3 1 18
21 19
1
1
0.999998
2 1 19
21 20
1
1
0.999998
1 1 20
21 21
1
0
1.000000
21 22
1
1
0.999998
1 0 22
21 23
1
1
0.999964
2 0 23
21 24
2
1
0.119203
3 0 24
1
0.880797
1 4 24
22 0
10
3
0.042044
1 1 21
2 5 16
3 7 0
3
0.042044
1 1 21
1 5 17
4 7 0
3
0.015467
1 1 21
5 5 6
1 7 0
3
0.015467
1 1 21
4 5 7
2 7 0
3
0.015467
2 1 20
2 3 16
3 7 0
3
0.015467
2 1 20
1 3 17
4 7 0
2
0.844470
1 1 21
7 5 0
3
0.002093
2 1 20
2 3 16
5 5 0
3
0.002093
2 1 20
1 3 17
6 5 0
3
0.002093
2 1 20
6 3 6
1 7 0
22 1
11
1
0.002141
21 1 1
3
0.043003
1 1 21
4 5 7
3 3 1
3
0.043003
1 1 21
5 5 6
2 3 1
3
0.015820
1 1 21
1 5 17
7 3 1
3
0.015820
1 1 21
2 5 16
6 3 1
2
0.863733
2 1 20
8 3 1
2
0.002141
1 0 23
9 3 1
3
0.005820
6 1 16
1 7 7
3 3 1
3
0.002141
1 1 21
4 5 7
6 1 1
3
0.002141
1 1 21
5 5 6
5 1 1
3
0.002141
1 1 21
6 5 5
4 1 1
22 2
8
1
0.209355
20 1 2
3
0.209355
1 1 21
4 5 7
5 1 2
3
0.209355
1 1 21
5 5 6
4 1 2
3
0.209355
1 1 21
6 5 5
3 1 2
3
0.077017
2 1 20
7 3 4
2 1 2
3
0.028333
2 1 20
5 3 7
5 1 2
3
0.028333
6 1 16
1 7 7
5 1 2
3
0.028333
2 1 20
6 3 6
4 1 2
22 3
8
1
0.209395
19 1 3
3
0.209395
1 1 21
4 5 7
4 1 3
3
0.209395
1 1 21
5 5 6
3 1 3
3
0.209395
1 1 21
6 5 5
2 1 3
3
0.077032
2 1 20
7 3 4
1 1 3
3
0.028339
2 1 20
5 3 7
4 1 3
3
0.028339
6 1 16
1 7 7
4 1 3
3
0.028339
2 1 20
6 3 6
3 1 3
22 4
14
1
0.014934
18 1 4
3
0.040594
1 1 21
4 5 7
2 3 4
3
0.040594
1 1 21
5 5 6
1 3 4
3
0.014934
1 1 21
4 5 7
3 1 4
3
0.014934
1 1 21
5 5 6
2 1 4
3
0.014934
1 1 21
6 5 5
1 1 4
3
0.014934
1 1 21
1 5 17
6 3 4
3
0.014934
1 1 21
2 5 16
5 3 4
2
0.815348
2 1 20
7 3 4
2
0.002021
1 0 23
8 3 4
3
0.005494
6 1 16
1 7 7
2 3 4
3
0.002021
2 1 20
5 3 7
3 1 4
3
0.002021
6 1 16
1 7 7
3 1 4
3
0.002021
2 1 20
6 3 6
2 1 4
22 5
6
1
0.006537
17 1 5
3
0.006537
1 1 21
4 5 7
2 1 5
3
0.006537
1 1 21
5 5 6
1 1 5
2
0.970202
1 1 21
6 5 5
3
0.002405
2 1 20
2 3 16
4 5 5
3
0.002405
2 1 20
1 3 17
5 5 5
22 6
14
1
0.005490
16 1 6
3
0.014924
1 1 21
2 5 16
2 7 6
3
0.014924
1 1 21
1 5 17
3 7 6
3
0.005490
1 1 21
4 5 7
1 1 6
3
0.005490
1 1 21
4 5 7
1 3 6
2
0.814818
1 1 21
5 5 6
3
0.005490
1 1 21
4 5 7
1 7 6
3
0.005490
2 1 20
2 3 16
2 7 6
3
0.005490
2 1 20
1 3 17
3 7 6
3
0.002020
1 1 21
1 5 17
5 3 6
3
0.002020
1 1 21
2 5 16
4 3 6
3
0.002020
2 1 20
2 3 16
3 5 6
3
0.002020
2 1 20
1 3 17
4 5 6
2
0.110274
2 1 20
6 3 6
22 7
12
1
0.005031
15 1 7
3
0.013674
1 1 21
2 5 16
1 7 7
3
0.013674
1 1 21
1 5 17
2 7 7
2
0.746596
1 1 21
4 5 7
3
0.005031
2 1 20
2 3 16
1 7 7
3
0.005031
2 1 20
1 3 17
2 7 7
3
0.001851
1 1 21
1 5 17
4 3 7
3
0.001851
1 1 21
2 5 16
3 3 7
3
0.001851
2 1 20
2 3 16
2 5 7
3
0.001851
2 1 20
1 3 17
3 5 7
2
0.101041
2 1 20
5 3 7
2
0.101041
6 1 16
1 7 7
22 8
7
1
0.924500
14 1 8
3
0.046028
1 1 21
3 5 11
3 1 8
3
0.016933
2 1 20
4 3 10
2 1 8
3
0.002292
2 1 20
3 3 13
5 1 8
3
0.002292
6 1 16
1 5 11
3 1 8
3
0.002292
6 1 16
2 3 10
2 1 8
3
0.002292
5 1 17
3 3 10
2 1 8
22 9
7
1
0.924865
13 1 9
3
0.046046
1 1 21
3 5 11
2 1 9
3
0.016939
2 1 20
4 3 10
1 1 9
3
0.002293
2 1 20
3 3 13
4 1 9
3
0.002293
6 1 16
1 5 11
2 1 9
3
0.002293
6 1 16
2 3 10
1 1 9
3
0.002293
5 1 17
3 3 10
1 1 9
22 10
9
1
0.214237
12 1 10
3
0.010666
1 1 21
3 5 11
1 1 10
3
0.010666
1 1 21
1 5 17
3 3 10
3
0.010666
1 1 21
2 5 16
2 3 10
2
0.582356
2 1 20
4 3 10
2
0.001444
1 0 23
5 3 10
2
0.078813
6 1 16
2 3 10
2
0.078813
5 1 17
3 3 10
2
0.010666
9 1 13
1 3 10
22 11
5
1
0.113622
11 1 11
2
0.839556
1 1 21
3 5 11
3
0.002081
2 1 20
2 3 16
1 5 11
3
0.002081
2 1 20
1 3 17
2 5 11
2
0.041799
6 1 16
1 5 11
22 12
2
1
0.994360
10 1 12
3
0.002465
2 1 20
3 3 13
1 1 12
22 13
6
1
0.673701
9 1 13
3
0.004539
1 1 21
1 5 17
2 3 13
3
0.004539
1 1 21
2 5 16
1 3 13
2
0.247841
2 1 20
3 3 13
2
0.033542
6 1 16
1 3 13
2
0.033542
5 1 17
2 3 13
22 14
1
1
0.997461
8 1 14
22 15
1
1
0.997462
7 1 15
22 16
5
1
0.831624
6 1 16
2
0.112548
1 1 21
2 5 16
2
0.041404
2 1 20
2 3 16
2
0.005603
5 1 17
1 3 16
2
0.005603
5 1 17
1 7 16
22 17
3
1
0.843705
5 1 17
2
0.114183
1 1 21
1 5 17
2
0.042006
2 1 20
1 3 17
22 18
1
1
0.999997
4 1 18
22 19
1
1
0.999998
3 1 19
22 20
1
1
0.999981
2 1 20
22 21
1
1
0.999998
1 1 21
22 22
1
0
1.000000
22 23
1
1
0.999998
1 0 23
22 24
1
1
0.999983
2 0 24
23 0
9
2
0.396614
3 3 16
3 7 0
3
0.002672
2 3 17
1 1 16
3 7 0
3
0.002672
2 3 17
1 5 16
3 7 0
2
0.396614
2 3 17
4 7 0
2
0.053676
3 3 16
5 5 0
2
0.053676
2 3 17
6 5 0
2
0.053676
7 3 6
1 7 0
2
0.019746
7 3 6
2 5 0
2
0.007264
9 3 1
1 1 0
23 1
1
1
0.996356
9 3 1
23 2
17
1
0.001333
21 1 2
3
0.009850
3 3 16
1 7 7
5 1 2
3
0.009850
2 3 17
2 7 7
5 1 2
3
0.009850
3 3 16
2 7 6
4 1 2
3
0.009850
2 3 17
3 7 6
4 1 2
2
0.001333
9 3 1
1 0 2
2
0.537789
8 3 4
2 1 2
3
0.003624
3 3 16
2 5 7
5 1 2
3
0.003624
2 3 17
3 5 7
5 1 2
3
0.003624
3 3 16
3 5 6
4 1 2
3
0.003624
2 3 17
4 5 6
4 1 2
3
0.003624
3 3 16
4 5 5
3 1 2
3
0.003624
2 3 17
5 5 5
3 1 2
2
0.197841
7 3 6
4 1 2
2
0.197841
6 3 7
5 1 2
3
0.001333
2 1 21
4 5 7
5 1 2
3
0.001333
7 3 6
1 5 5
3 1 2
23 3
16
1
0.001335
20 1 3
3
0.009863
3 3 16
1 7 7
4 1 3
3
0.009863
2 3 17
2 7 7
4 1 3
3
0.009863
3 3 16
2 7 6
3 1 3
3
0.009863
2 3 17
3 7 6
3 1 3
2
0.538507
8 3 4
1 1 3
3
0.003628
3 3 16
2 5 7
4 1 3
3
0.003628
2 3 17
3 5 7
4 1 3
3
0.003628
3 3 16
3 5 6
3 1 3
3
0.003628
2 3 17
4 5 6
3 1 3
3
0.003628
3 3 16
4 5 5
2 1 3
3
0.003628
2 3 17
5 5 5
2 1 3
2
0.198106
7 3 6
3 1 3
2
0.198106
6 3 7
4 1 3
3
0.001335
2 1 21
4 5 7
4 1 3
3
0.001335
7 3 6
1 5 5
2 1 3
23 4
3
1
0.992356
8 3 4
2
0.002460
7 3 6
2 1 4
2
0.002460
6 3 7
3 1 4
23 5
19
3
0.005553
3 3 16
1 7 7
2 1 5
3
0.005553
2 3 17
2 7 7
2 1 5
3
0.005553
3 3 16
2 7 6
1 1 5
3
0.005553
2 3 17
3 7 6
1 1 5
3
0.005553
3 3 16
1 7 7
2 5 5
3
0.005553
2 3 17
2 7 7
2 5 5
3
0.005553
3 3 16
2 7 6
1 5 5
3
0.005553
2 3 17
3 7 6
1 5 5
3
0.002043
3 3 16
2 5 7
2 1 5
3
0.002043
2 3 17
3 5 7
2 1 5
3
0.002043
3 3 16
3 5 6
1 1 5
3
0.002043
2 3 17
4 5 6
1 1 5
2
0.303160
3 3 16
4 5 5
3
0.002043
2 3 17
1 1 16
4 5 5
2
0.303160
2 3 17
5 5 5
3
0.002043
2 3 17
1 7 16
4 5 5
2
0.111526
7 3 6
1 1 5
2
0.111526
6 3 7
2 1 5
2
0.111526
7 3 6
1 5 5
23 6
6
1
0.871745
7 3 6
2
0.043402
3 3 16
2 7 6
2
0.043402
2 3 17
3 7 6
2
0.015967
3 3 16
3 5 6
2
0.015967
2 3 17
4 5 6
2
0.005874
6 3 7
1 1 6
23 7
6
1
0.873657
6 3 7
2
0.043497
3 3 16
1 7 7
2
0.043497
2 3 17
2 7 7
2
0.016002
3 3 16
2 5 7
2
0.016002
2 3 17
3 5 7
2
0.005887
2 1 21
4 5 7
23 8
7
1
0.041322
15 1 8
2
0.002057
6 3 7
1 0 8
2
0.829982
5 3 10
2 1 8
3
0.005592
3 3 16
1 5 11
3 1 8
3
0.005592
2 3 17
2 5 11
3 1 8
3
0.002057
2 1 21
3 5 11
3 1 8
2
0.112326
4 3 13
5 1 8
23 9
6
1
0.041420
14 1 9
2
0.831936
5 3 10
1 1 9
3
0.005606
3 3 16
1 5 11
2 1 9
3
0.005606
2 3 17
2 5 11
2 1 9
3
0.002062
2 1 21
3 5 11
2 1 9
2
0.112590
4 3 13
4 1 9
23 10
1
1
0.997528
5 3 10
23 11
8
1
0.019225
12 1 11
2
0.386141
3 3 16
1 5 11
3
0.002602
2 3 17
1 1 16
1 5 11
2
0.386141
2 3 17
2 5 11
3
0.002602
2 3 17
1 7 16
1 5 11
2
0.142053
2 1 21
3 5 11
2
0.052258
4 3 13
2 1 11
2
0.007072
7 1 16
1 5 11
23 12
4
1
0.224134
11 1 12
2
0.609261
4 3 13
1 1 12
2
0.082454
3 3 16
4 1 12
2
0.082454
2 3 17
5 1 12
23 13
2
1
0.002465
10 1 13
1
0.994498
4 3 13
23 14
6
1
0.557435
9 1 14
2
0.205069
3 3 16
2 1 14
2
0.205069
2 3 17
3 1 14
3
0.001382
2 3 17
1 5 16
2 1 14
3
0.001382
2 3 17
1 7 16
2 1 14
2
0.027753
1 3 20
6 1 14
23 15
6
1
0.557718
8 1 15
2
0.205173
3 3 16
1 1 15
2
0.205173
2 3 17
2 1 15
3
0.001382
2 3 17
1 5 16
1 1 15
3
0.001382
2 3 17
1 7 16
1 1 15
2
0.027767
1 3 20
5 1 15
23 16
6
1
0.017559
7 1 16
1
0.958712
3 3 16
2
0.006460
2 3 17
1 1 16
2
0.006460
2 3 17
1 5 16
2
0.006460
2 3 17
1 7 16
2
0.002376
2 1 21
2 5 16
23 17
3
1
0.017910
6 1 17
1
0.977852
2 3 17
2
0.002424
2 1 21
1 5 17
23 18
2
1
0.952459
5 1 18
2
0.047420
1 3 20
2 1 18
23 19
2
1
0.952572
4 1 19
2
0.047426
1 3 20
1 1 19
23 20
2
1
0.119203
3 1 20
1
0.880797
1 3 20
23 21
1
1
0.999964
2 1 21
23 22
1
1
0.999998
1 1 22
23 23
1
0
1.000000
23 24
1
1
1.000000
1 0 24
24 0
6
1
0.046834
8 5 0
1
0.940689
5 7 0
2
0.002332
4 7 6
2 5 0
2
0.002332
3 7 7
3 5 0
2
0.002332
3 5 16
3 7 0
2
0.002332
2 5 17
4 7 0
24 1
19
2
0.001026
5 7 0
1 0 1
2
0.413977
4 7 6
2 3 1
3
0.002789
3 7 7
1 1 6
2 3 1
2
0.413977
3 7 7
3 3 1
3
0.002789
3 7 7
1 5 6
2 3 1
3
0.001026
4 7 6
2 1 4
1 3 1
3
0.001026
3 7 7
3 1 4
1 3 1
3
0.001026
2 7 16
2 5 7
3 3 1
3
0.001026
1 7 17
3 5 7
3 3 1
3
0.001026
3 5 16
1 7 7
3 3 1
3
0.001026
2 5 17
2 7 7
3 3 1
3
0.001026
2 7 16
3 5 6
2 3 1
3
0.001026
1 7 17
4 5 6
2 3 1
3
0.001026
3 5 16
2 7 6
2 3 1
3
0.001026
2 5 17
3 7 6
2 3 1
2
0.056026
6 5 6
2 3 1
2
0.056026
5 5 7
3 3 1
2
0.020611
4 7 6
5 1 1
2
0.020611
3 7 7
6 1 1
24 2
20
3
0.008748
4 7 6
1 3 4
2 1 2
3
0.008748
3 7 7
2 3 4
2 1 2
2
0.477651
4 7 6
4 1 2
2
0.477651
3 7 7
5 1 2
3
0.003218
3 7 7
1 3 6
4 1 2
3
0.003218
3 7 7
1 5 6
4 1 2
3
0.003218
4 7 6
1 5 5
3 1 2
3
0.003218
3 7 7
2 5 5
3 1 2
3
0.001184
2 7 16
2 5 7
5 1 2
3
0.001184
1 7 17
3 5 7
5 1 2
3
0.001184
3 5 16
1 7 7
5 1 2
3
0.001184
2 5 17
2 7 7
5 1 2
3
0.001184
2 7 16
3 5 6
4 1 2
3
0.001184
1 7 17
4 5 6
4 1 2
3
0.001184
3 5 16
2 7 6
4 1 2
3
0.001184
2 5 17
3 7 6
4 1 2
3
0.001184
2 7 16
4 5 5
3 1 2
3
0.001184
1 7 17
5 5 5
3 1 2
3
0.001184
6 5 6
1 3 4
2 1 2
3
0.001184
5 5 7
2 3 4
2 1 2
24 3
20
3
0.008749
4 7 6
1 3 4
1 1 3
3
0.008749
3 7 7
2 3 4
1 1 3
2
0.477679
4 7 6
3 1 3
2
0.477679
3 7 7
4 1 3
3
0.003219
3 7 7
1 3 6
3 1 3
3
0.003219
3 7 7
1 5 6
3 1 3
3
0.003219
4 7 6
1 5 5
2 1 3
3
0.003219
3 7 7
2 5 5
2 1 3
3
0.001184
2 7 16
2 5 7
4 1 3
3
0.001184
1 7 17
3 5 7
4 1 3
3
0.001184
3 5 16
1 7 7
4 1 3
3
0.001184
2 5 17
2 7 7
4 1 3
3
0.001184
2 7 16
3 5 6
3 1 3
3
0.001184
1 7 17
4 5 6
3 1 3
3
0.001184
3 5 16
2 7 6
3 1 3
3
0.001184
2 5 17
3 7 6
3 1 3
3
0.001184
2 7 16
4 5 5
2 1 3
3
0.001184
1 7 17
5 5 5
2 1 3
3
0.001184
6 5 6
1 3 4
1 1 3
3
0.001184
5 5 7
2 3 4
1 1 3
24 4
7
2
0.341845
4 7 6
1 3 4
3
0.002303
3 7 7
1 1 6
1 3 4
2
0.341845
3 7 7
2 3 4
3
0.002303
3 7 7
1 5 6
1 3 4
2
0.125758
4 7 6
2 1 4
2
0.125758
3 7 7
3 1 4
2
0.046264
6 5 6
1 3 4
24 5
8
1
0.802801
7 5 5
2
0.039969
4 7 6
1 1 5
2
0.039969
3 7 7
2 1 5
2
0.039969
4 7 6
1 5 5
2
0.039969
3 7 7
2 5 5
2
0.014704
2 7 16
4 5 5
2
0.014704
1 7 17
5 5 5
2
0.005409
6 5 6
1 1 5
24 6
9
1
0.115808
6 5 6
1
0.855708
4 7 6
2
0.005766
3 7 7
1 1 6
2
0.005766
3 7 7
1 3 6
2
0.005766
3 7 7
1 5 6
2
0.002121
2 7 16
3 5 6
2
0.002121
1 7 17
4 5 6
2
0.002121
3 5 16
2 7 6
2
0.002121
2 5 17
3 7 6
24 7
6
1
0.117955
5 5 7
1
0.871576
3 7 7
2
0.002160
2 7 16
2 5 7
2
0.002160
1 7 17
3 5 7
2
0.002160
3 5 16
1 7 7
2
0.002160
2 5 17
2 7 7
24 8
10
1
0.015760
16 1 8
2
0.042839
3 7 7
1 0 8
2
0.005798
5 5 7
1 0 8
3
0.015760
2 7 16
1 5 11
3 1 8
3
0.015760
1 7 17
2 5 11
3 1 8
3
0.015760
2 7 16
2 3 10
2 1 8
3
0.015760
1 7 17
3 3 10
2 1 8
2
0.860451
4 5 11
3 1 8
3
0.005798
3 5 16
2 3 10
2 1 8
3
0.005798
2 5 17
3 3 10
2 1 8
24 9
8
1
0.016574
15 1 9
3
0.016574
2 7 16
1 5 11
2 1 9
3
0.016574
1 7 17
2 5 11
2 1 9
3
0.016574
2 7 16
2 3 10
1 1 9
3
0.016574
1 7 17
3 3 10
1 1 9
2
0.904916
4 5 11
2 1 9
3
0.006097
3 5 16
2 3 10
1 1 9
3
0.006097
2 5 17
3 3 10
1 1 9
24 10
10
1
0.002144
14 1 10
3
0.002144
2 7 16
1 5 11
1 1 10
3
0.002144
1 7 17
2 5 11
1 1 10
2
0.318147
2 7 16
2 3 10
3
0.002144
1 7 17
1 1 16
2 3 10
2
0.318147
1 7 17
3 3 10
3
0.002144
1 7 17
1 5 16
2 3 10
2
0.117040
4 5 11
1 1 10
2
0.117040
3 5 16
2 3 10
2
0.117040
2 5 17
3 3 10
24 11
3
1
0.964088
4 5 11
2
0.017658
2 7 16
1 5 11
2
0.017658
1 7 17
2 5 11
24 12
10
1
0.145721
12 1 12
3
0.019721
2 7 16
1 3 13
1 1 12
3
0.019721
1 7 17
2 3 13
1 1 12
2
0.002669
4 5 11
1 0 12
3
0.007255
3 5 16
1 3 13
1 1 12
3
0.007255
2 5 17
2 3 13
1 1 12
2
0.396111
2 7 16
4 1 12
2
0.396111
1 7 17
5 1 12
3
0.002669
1 7 17
1 3 16
4 1 12
3
0.002669
1 7 17
1 5 16
4 1 12
24 13
9
1
0.016183
11 1 13
2
0.325047
2 7 16
1 3 13
3
0.002190
1 7 17
1 1 16
1 3 13
2
0.325047
1 7 17
2 3 13
3
0.002190
1 7 17
1 5 16
1 3 13
2
0.119578
3 5 16
1 3 13
2
0.119578
2 5 17
2 3 13
2
0.043990
2 7 16
3 1 13
2
0.043990
1 7 17
4 1 13
24 14
7
1
0.117761
10 1 14
2
0.320108
2 7 16
2 1 14
2
0.320108
1 7 17
3 1 14
3
0.002157
1 7 17
1 3 16
2 1 14
3
0.002157
1 7 17
1 5 16
2 1 14
2
0.117761
3 5 16
2 1 14
2
0.117761
2 5 17
3 1 14
24 15
7
1
0.117763
9 1 15
2
0.320113
2 7 16
1 1 15
2
0.320113
1 7 17
2 1 15
3
0.002157
1 7 17
1 3 16
1 1 15
3
0.002157
1 7 17
1 5 16
1 1 15
2
0.117763
3 5 16
1 1 15
2
0.117763
2 5 17
2 1 15
24 16
9
1
0.001772
8 1 16
1
0.262966
3 5 16
1
0.714816
2 7 16
2
0.004816
1 7 17
1 1 16
2
0.004816
1 7 17
1 3 16
2
0.004816
1 7 17
1 5 16
2
0.001772
2 5 17
1 1 16
2
0.001772
2 5 17
1 3 16
2
0.001772
2 5 17
1 7 16
24 17
3
1
0.001808
7 1 17
1
0.268273
2 5 17
1
0.729241
1 7 17
24 18
2
1
0.951137
6 1 18
2
0.047354
1 5 21
3 1 18
24 19
2
1
0.952267
5 1 19
2
0.047411
1 5 21
2 1 19
24 20
3
1
0.909443
4 1 20
2
0.045278
1 5 21
1 1 20
2
0.045278
1 1 23
1 3 20
24 21
2
1
0.119203
3 1 21
1
0.880797
1 5 21
24 22
1
1
0.999981
2 1 22
24 23
1
1
0.999998
1 1 23
24 24
1
0
1.000000
